0.0014697 0.7414960 0.2570343
0.0000994 0.7539135 0.2459871
0.0000991 0.7764690 0.2234319
0.0000995 0.7112599 0.2886406
0.0000991 0.7980284 0.2018725
0.0000992 0.7899405 0.2099603
0.0000989 0.7975997 0.2023014
0.0000990 0.8108286 0.1890723
0.0000994 0.8174912 0.1824094
0.0000996 0.8148878 0.1850126
0.0000998 0.8311793 0.1687210
0.0000996 0.8501536 0.1497469
0.0000992 0.8113828 0.1885180
0.0000996 0.8152076 0.1846928
0.0000997 0.7012037 0.2986965
0.0000995 0.7156007 0.2842999
0.5536987 0.4462017 0.0000996
0.4654143 0.5344861 0.0000996
0.4446988 0.5552016 0.0000996
0.4883867 0.5115138 0.0000996
0.5322315 0.4676690 0.0000996
0.4247388 0.5751616 0.0000996
0.4920219 0.5078785 0.0000996
0.4879930 0.5119074 0.0000996
0.0000994 0.2621571 0.7377435
0.0067073 0.2401490 0.7531437
0.0000998 0.2772718 0.7226284
0.0107433 0.2259455 0.7633112
0.0000997 0.2095008 0.7903995
0.0000991 0.1575775 0.8423234
0.0000984 0.1931577 0.8067439
0.0000995 0.1853966 0.8145039
0.0000992 0.2153984 0.7845024
0.0635884 0.2591383 0.6772733
0.0609067 0.1971522 0.7419412
0.0000990 0.2415393 0.7583618
0.0108899 0.2265990 0.7625111
0.0076153 0.2189191 0.7734656
0.0000998 0.2589254 0.7409748
0.0011570 0.2390321 0.7598108
0.1157691 0.3054929 0.5787380
0.0740911 0.2060364 0.7198725
0.0182085 0.1482247 0.8335668
0.1208980 0.2532929 0.6258091
0.0938732 0.3207375 0.5853893
0.0217902 0.2512249 0.7269849
0.0807275 0.2087673 0.7105052
0.0211893 0.0296596 0.9491510
0.4626863 0.0763444 0.4609693
0.1821498 0.1726997 0.6451505
0.2589252 0.1337838 0.6072910
0.3001197 0.1542983 0.5455820
0.2234021 0.0985467 0.6780512
0.1868660 0.1976604 0.6154736
0.1774302 0.0885550 0.7340148
0.3005566 0.1339604 0.5654830
0.2945675 0.0403151 0.6651174
0.2584560 0.1051343 0.6364097
0.0134260 0.0667025 0.9198714
0.2128972 0.1217439 0.6653590
0.0000998 0.0601942 0.9397060
0.0073100 0.0036670 0.9890230
0.0120027 0.0020427 0.9859546
0.1242377 0.1222872 0.7534751
0.1476501 0.0481113 0.8042386
0.1075061 0.1401331 0.7523609
0.2068625 0.0291115 0.7640260
0.0187777 0.0343354 0.9468870
0.1725609 0.0001001 0.8273389
0.0344689 0.1965783 0.7689528
0.2154020 0.0414376 0.7431604
0.3616274 0.0605853 0.5777873
0.3335463 0.0706696 0.5957841
0.2171318 0.1976182 0.5852500
0.2313187 0.1102949 0.6583863
0.2130959 0.1465578 0.6403463
0.2856973 0.1243780 0.5899247
0.4037289 0.0420820 0.5541891
0.2876204 0.1335248 0.5788547
0.7286359 0.0001002 0.2712639
0.7459100 0.0001004 0.2539896
0.2578888 0.0261912 0.7159200
0.2993661 0.0755335 0.6251004
0.2044231 0.0951111 0.7004658
0.4604507 0.0001001 0.5394492
0.3380162 0.0377225 0.6242613
0.9804425 0.0001002 0.0194573
0.3239392 0.0403062 0.6357546
0.5140601 0.0001000 0.4858399
0.3731130 0.0001006 0.6267864
0.3794292 0.0001006 0.6204702
0.2606227 0.0770220 0.6623553
0.7630177 0.0493985 0.1875838
0.3069181 0.0284740 0.6646079
0.8552378 0.0001003 0.1446619
