0.8842020 0.1452149 0.1030279 0.1307185 0.1085165 0.1023425 0.1038082 0.1121754 0.1055179 0.1026297 0.1046334 0.1124321 0.1004334 0.0991102 0.0925202 0.0948370 -0.0142003 0.0076857 0.0093785 0.0026321 0.0004894 0.0252319 0.0034923 0.0068898 0.0189499 0.0131902 0.0180714 0.0039504 0.0071244 0.0022227 0.0158216 0.0044711 0.0131059 0.0140283 0.0011640 0.0181132 0.0093284 0.0087029 0.0165383 0.0108157 0.0033979 -0.0027620 -0.0040020 -0.0016862 0.0143294 0.0100428 -0.0003108 -0.0197239 -0.0645268 -0.0179387 -0.0337247 -0.0373474 -0.0363395 -0.0165353 -0.0331078 -0.0371496 -0.0520128 -0.0411884 -0.0139285 -0.0298484 -0.0113437 -0.0263753 -0.0276189 -0.0143409 -0.0382461 -0.0137677 -0.0446836 -0.0195214 -0.0478936 0.0011274 -0.0408618 -0.0571354 -0.0531690 -0.0179884 -0.0364305 -0.0297555 -0.0351766 -0.0622150 -0.0388453 -0.1168096 -0.1230381 -0.0514475 -0.0469351 -0.0332398 -0.0810151 -0.0599915 -0.1516641 -0.0541005 -0.0841609 -0.0848053 -0.0854723 -0.0414036 -0.1054071 -0.0529622 -0.1415011
0.1452149 0.8851622 0.1047384 0.1406939 0.1102665 0.1095693 0.1101403 0.1143350 0.1084318 0.1064174 0.1107271 0.1135954 0.1082880 0.1035860 0.0943130 0.1000479 -0.0214594 0.0089756 0.0120864 0.0046060 -0.0074184 0.0212907 0.0040936 -0.0016926 0.0197828 0.0139878 0.0203945 0.0064437 0.0092450 0.0051783 0.0166949 0.0086509 0.0123903 0.0155232 0.0011664 0.0192777 0.0088679 0.0125698 0.0197663 0.0152825 0.0060758 -0.0023663 -0.0038053 0.0014675 0.0125040 0.0117653 -0.0063022 -0.0236549 -0.0683330 -0.0139584 -0.0356989 -0.0396568 -0.0383280 -0.0187745 -0.0330864 -0.0390494 -0.0564410 -0.0413552 -0.0135780 -0.0301238 -0.0143605 -0.0250135 -0.0260188 -0.0151982 -0.0345363 -0.0144467 -0.0417372 -0.0222832 -0.0505343 0.0017521 -0.0430435 -0.0601540 -0.0547112 -0.0214421 -0.0372956 -0.0251006 -0.0398411 -0.0667374 -0.0383670 -0.1253974 -0.1293600 -0.0533338 -0.0498051 -0.0380219 -0.0883982 -0.0602602 -0.1580631 -0.0522868 -0.0901181 -0.0889508 -0.0907444 -0.0417533 -0.1126196 -0.0523013 -0.1455625
0.1030279 0.1047384 0.8836960 0.1016741 0.1574326 0.1489300 0.1685682 0.1583007 0.1118174 0.1110574 0.1143788 0.1157163 0.1119855 0.1079618 0.1005605 0.1031505 -0.0150104 0.0041088 0.0139239 -0.0010842 -0.0041723 0.0222084 0.0026497 -0.0009353 0.0178035 0.0128983 0.0230185 0.0108947 0.0089265 0.0079764 0.0200545 0.0067295 0.0165485 0.0166031 0.0040934 0.0242609 0.0144320 0.0087304 0.0188584 0.0175206 0.0101723 0.0015799 -0.0050712 -0.0019169 0.0170497 0.0170731 -0.0027878 -0.0235018 -0.0748823 -0.0206329 -0.0326220 -0.0427997 -0.0378701 -0.0202812 -0.0357584 -0.0406533 -0.0549584 -0.0448409 -0.0184253 -0.0329292 -0.0137956 -0.0287762 -0.0283348 -0.0221460 -0.0421883 -0.0213915 -0.0467528 -0.0230279 -0.0530847 -0.0022519 -0.0455818 -0.0605100 -0.0575081 -0.0199221 -0.0351525 -0.0306718 -0.0414124 -0.0708019 -0.0407403 -0.1328008 -0.1419254 -0.0548671 -0.0493224 -0.0390963 -0.0917902 -0.0610203 -0.1633772 -0.0647811 -0.0947996 -0.0906123 -0.0924713 -0.0461268 -0.1206405 -0.0567622 -0.1555041
0.1307185 0.1406939 0.1016741 0.8947956 0.1031807 0.1029421 0.1003979 0.1091295 0.1037823 0.0973707 0.1046557 0.1055300 0.0974722 0.0980516 0.0901652 0.0945732 -0.0188097 0.0026744 0.0093733 -0.0025155 -0.0095638 0.0175425 0.0010743 0.0009436 0.0215271 0.0130411 0.0220774 0.0118130 0.0113936 0.0069953 0.0182004 0.0085969 0.0164348 0.0156941 0.0037856 0.0194878 0.0112970 0.0148997 0.0194281 0.0150729 0.0072937 0.0016268 0.0033566 0.0021623 0.0173192 0.0139045 -0.0023998 -0.0180196 -0.0653640 -0.0141589 -0.0294425 -0.0389355 -0.0350357 -0.0170980 -0.0284821 -0.0386932 -0.0504527 -0.0369841 -0.0107271 -0.0252836 -0.0122226 -0.0244488 -0.0238399 -0.0131801 -0.0316009 -0.0151596 -0.0449365 -0.0162798 -0.0475668 0.0051872 -0.0407613 -0.0546421 -0.0544156 -0.0175354 -0.0337301 -0.0268046 -0.0367218 -0.0625014 -0.0364982 -0.1230265 -0.1274620 -0.0507784 -0.0424523 -0.0315937 -0.0851292 -0.0601741 -0.1572321 -0.0534134 -0.0879294 -0.0837921 -0.0836059 -0.0392484 -0.1114718 -0.0510569 -0.1429155
0.1085165 0.1102665 0.1574326 0.1031807 0.9007015 0.1687838 0.1717128 0.1691751 0.1164841 0.1134340 0.1174824 0.1209253 0.1141719 0.1120543 0.0999986 0.1070863 -0.0171794 0.0121643 0.0144664 0.0056253 -0.0004424 0.0278114 0.0086985 0.0045210 0.0221245 0.0124539 0.0233373 0.0068799 0.0080785 0.0046716 0.0191471 0.0065293 0.0140517 0.0161095 -0.0016168 0.0226805 0.0092343 0.0098545 0.0213797 0.0133799 0.0133538 -0.0000270 -0.0071944 -0.0001885 0.0168068 0.0126046 -0.0026776 -0.0283453 -0.0717482 -0.0190577 -0.0375553 -0.0395564 -0.0419922 -0.0194640 -0.0371029 -0.0428602 -0.0577423 -0.0459488 -0.0188545 -0.0394618 -0.0152441 -0.0269074 -0.0296205 -0.0216179 -0.0375199 -0.0174022 -0.0485193 -0.0282018 -0.0541350 0.0027103 -0.0472625 -0.0645773 -0.0617926 -0.0195707 -0.0364019 -0.0311443 -0.0433772 -0.0728239 -0.0417023 -0.1345526 -0.1443340 -0.0565207 -0.0535933 -0.0405951 -0.0912827 -0.0623648 -0.1637380 -0.0627527 -0.0942639 -0.0929558 -0.0943716 -0.0453419 -0.1194849 -0.0625104 -0.1533205
0.1023425 0.1095693 0.1489300 0.1029421 0.1687838 0.8897555 0.1637238 0.1614493 0.1140950 0.1112524 0.1152033 0.1205253 0.1102762 0.1098312 0.0993082 0.1061620 -0.0158505 0.0066207 0.0138224 0.0029586 -0.0033203 0.0238220 0.0055896 0.0024194 0.0231959 0.0163294 0.0228409 0.0079153 0.0109231 0.0077564 0.0149983 0.0059257 0.0179143 0.0158192 -0.0026539 0.0199022 0.0055381 0.0060987 0.0137067 0.0139262 0.0110810 -0.0003634 -0.0032836 -0.0017260 0.0166641 0.0123647 -0.0022406 -0.0288967 -0.0720605 -0.0214543 -0.0405417 -0.0392319 -0.0411678 -0.0188139 -0.0385228 -0.0391481 -0.0623878 -0.0460072 -0.0202425 -0.0369087 -0.0145469 -0.0297326 -0.0307182 -0.0179291 -0.0389657 -0.0163235 -0.0483968 -0.0277221 -0.0503365 0.0016963 -0.0491944 -0.0643074 -0.0600675 -0.0199955 -0.0362625 -0.0301333 -0.0405703 -0.0740603 -0.0398637 -0.1306045 -0.1421255 -0.0548292 -0.0490835 -0.0380075 -0.0919492 -0.0579139 -0.1616666 -0.0632596 -0.0921305 -0.0949197 -0.0960377 -0.0446967 -0.1165078 -0.0625005 -0.1501694
0.1038082 0.1101403 0.1685682 0.1003979 0.1717128 0.1637238 0.8808374 0.1760953 0.1149256 0.1135556 0.1168782 0.1218438 0.1117460 0.1136203 0.0973595 0.1074442 -0.0232022 0.0049948 0.0131372 0.0037714 -0.0069509 0.0208904 0.0030080 -0.0051687 0.0209248 0.0144556 0.0222908 0.0093429 0.0089159 0.0088683 0.0186986 0.0077976 0.0170476 0.0171567 0.0019579 0.0227339 0.0068923 0.0103233 0.0197476 0.0192449 0.0113216 -0.0018274 -0.0047398 -0.0019561 0.0137218 0.0115251 -0.0036513 -0.0271828 -0.0737466 -0.0197429 -0.0377451 -0.0428724 -0.0419834 -0.0199112 -0.0395319 -0.0419129 -0.0565561 -0.0472203 -0.0206867 -0.0424799 -0.0168041 -0.0277024 -0.0293339 -0.0188004 -0.0366449 -0.0154324 -0.0467509 -0.0263724 -0.0540992 0.0037051 -0.0480249 -0.0651886 -0.0616781 -0.0209159 -0.0363193 -0.0291479 -0.0439883 -0.0717030 -0.0424606 -0.1356297 -0.1445008 -0.0557561 -0.0498257 -0.0418376 -0.0931160 -0.0622549 -0.1711948 -0.0657482 -0.0964734 -0.0927534 -0.0943506 -0.0473417 -0.1239823 -0.0648031 -0.1603419
0.1121754 0.1143350 0.1583007 0.1091295 0.1691751 0.1614493 0.1760953 0.8990304 0.1210039 0.1156601 0.1216861 0.1289643 0.1149892 0.1176286 0.1046048 0.1085141 -0.0159898 0.0073280 0.0192184 0.0052480 -0.0014564 0.0285720 0.0087762 -0.0010420 0.0203063 0.0160492 0.0207880 0.0075204 0.0071946 0.0037632 0.0165481 0.0067027 0.0168415 0.0162345 -0.0003907 0.0227765 0.0082662 0.0101664 0.0193786 0.0159441 0.0121790 -0.0026342 -0.0052536 -0.0002704 0.0128460 0.0145258 -0.0051843 -0.0276962 -0.0745518 -0.0195757 -0.0410024 -0.0373908 -0.0436629 -0.0192151 -0.0372390 -0.0431916 -0.0601304 -0.0506469 -0.0242291 -0.0385900 -0.0164999 -0.0312559 -0.0327922 -0.0236880 -0.0412143 -0.0174453 -0.0514296 -0.0276795 -0.0538954 0.0009834 -0.0489193 -0.0639868 -0.0621935 -0.0180822 -0.0394214 -0.0302156 -0.0427689 -0.0746826 -0.0422611 -0.1352804 -0.1439656 -0.0592373 -0.0505399 -0.0407043 -0.0906985 -0.0635792 -0.1674796 -0.0609939 -0.0973237 -0.0950460 -0.0972788 -0.0469147 -0.1223719 -0.0614293 -0.1544609
0.1055179 0.1084318 0.1118174 0.1037823 0.1164841 0.1140950 0.1149256 0.1210039 0.9057353 0.1567311 0.1690081 0.1635105 0.1590635 0.1531417 0.1074444 0.1149662 -0.0142121 0.0125980 0.0182762 0.0140104 0.0008007 0.0281934 0.0135047 0.0067674 0.0206178 0.0088070 0.0204015 0.0083994 0.0079442 0.0038753 0.0139069 0.0061258 0.0140915 0.0145448 -0.0037442 0.0190650 0.0073862 0.0072276 0.0142247 0.0118828 0.0092062 -0.0091169 -0.0097208 0.0045411 0.0186542 0.0120250 -0.0004895 -0.0286041 -0.0719338 -0.0210300 -0.0350763 -0.0471963 -0.0436705 -0.0203050 -0.0327113 -0.0405090 -0.0608715 -0.0431077 -0.0239887 -0.0358872 -0.0207959 -0.0327203 -0.0324719 -0.0220884 -0.0415912 -0.0166027 -0.0491747 -0.0276215 -0.0545981 0.0017577 -0.0479689 -0.0637343 -0.0545520 -0.0228755 -0.0400042 -0.0331366 -0.0492222 -0.0719648 -0.0410900 -0.1312348 -0.1349307 -0.0562972 -0.0571123 -0.0384783 -0.0950345 -0.0648346 -0.1571569 -0.0594329 -0.0955736 -0.1011744 -0.1015494 -0.0443713 -0.1204740 -0.0602542 -0.1522218
0.1026297 0.1064174 0.1110574 0.0973707 0.1134340 0.1112524 0.1135556 0.1156601 0.1567311 0.8985634 0.1539027 0.1587683 0.1701686 0.1524049 0.1001817 0.1086822 -0.0131606 0.0131414 0.0163362 0.0150495 0.0028413 0.0283128 0.0136038 0.0098619 0.0169421 0.0100276 0.0171394 0.0087382 0.0065766 0.0007431 0.0106026 0.0035825 0.0128036 0.0132876 -0.0013846 0.0194213 0.0032126 0.0056643 0.0166395 0.0133900 0.0063050 -0.0062330 -0.0085443 0.0040495 0.0156689 0.0086193 -0.0037463 -0.0276508 -0.0730500 -0.0188502 -0.0360384 -0.0384728 -0.0417646 -0.0161970 -0.0381149 -0.0385763 -0.0585932 -0.0454962 -0.0238656 -0.0367164 -0.0201966 -0.0335746 -0.0353093 -0.0238811 -0.0384197 -0.0177817 -0.0498070 -0.0269269 -0.0548004 -0.0034969 -0.0507018 -0.0611661 -0.0546240 -0.0227468 -0.0405054 -0.0320921 -0.0446787 -0.0701692 -0.0403238 -0.1253239 -0.1349454 -0.0560752 -0.0519658 -0.0378194 -0.0935357 -0.0607073 -0.1524315 -0.0620037 -0.0923520 -0.0963578 -0.0967657 -0.0453694 -0.1134557 -0.0615218 -0.1447102
0.1046334 0.1107271 0.1143788 0.1046557 0.1174824 0.1152033 0.1168782 0.1216861 0.1690081 0.1539027 0.9292959 0.1748932 0.1596704 0.1567774 0.1089182 0.1121933 -0.0048093 0.0204702 0.0297507 0.0193418 0.0114415 0.0365771 0.0208099 0.0134337 0.0156366 0.0067626 0.0159357 0.0068986 0.0073560 -0.0010514 0.0112066 -0.0007021 0.0096822 0.0120371 -0.0041994 0.0183361 0.0064494 0.0049159 0.0146198 0.0094586 0.0095923 -0.0056469 -0.0090654 0.0023533 0.0168632 0.0102615 -0.0053370 -0.0325845 -0.0704256 -0.0227122 -0.0336418 -0.0430230 -0.0424713 -0.0209585 -0.0370632 -0.0413919 -0.0609828 -0.0428570 -0.0226495 -0.0330375 -0.0241591 -0.0381727 -0.0384289 -0.0242034 -0.0442914 -0.0204586 -0.0513911 -0.0312118 -0.0591545 -0.0064213 -0.0515561 -0.0639395 -0.0561126 -0.0220517 -0.0380259 -0.0337855 -0.0456217 -0.0695154 -0.0432754 -0.1252229 -0.1330789 -0.0597561 -0.0512188 -0.0404710 -0.0955574 -0.0662926 -0.1490286 -0.0611358 -0.0960735 -0.0973685 -0.0976467 -0.0433684 -0.1145534 -0.0589940 -0.1457388
0.1124321 0.1135954 0.1157163 0.1055300 0.1209253 0.1205253 0.1218438 0.1289643 0.1635105 0.1587683 0.1748932 0.9184340 0.1654970 0.1601246 0.1048407 0.1177902 -0.0098393 0.0198211 0.0242648 0.0170337 0.0053637 0.0366332 0.0189361 0.0102736 0.0151935 0.0057892 0.0175764 0.0054870 0.0044469 -0.0019800 0.0098158 0.0009446 0.0107945 0.0126645 -0.0000782 0.0205564 0.0066870 0.0028079 0.0145179 0.0086785 0.0098437 -0.0073735 -0.0063126 0.0005618 0.0179844 0.0075540 -0.0030962 -0.0337981 -0.0765943 -0.0238972 -0.0371683 -0.0429366 -0.0417935 -0.0181344 -0.0381545 -0.0439966 -0.0616065 -0.0405436 -0.0255472 -0.0388868 -0.0260903 -0.0384115 -0.0386204 -0.0259643 -0.0430399 -0.0209152 -0.0496850 -0.0321432 -0.0584265 -0.0019114 -0.0491138 -0.0659782 -0.0576510 -0.0276842 -0.0441418 -0.0322375 -0.0472617 -0.0748746 -0.0415675 -0.1265786 -0.1356007 -0.0603765 -0.0541212 -0.0441444 -0.0993615 -0.0659102 -0.1503825 -0.0643602 -0.0956798 -0.1006535 -0.1010710 -0.0492456 -0.1134657 -0.0653926 -0.1497806
0.1004334 0.1082880 0.1119855 0.0974722 0.1141719 0.1102762 0.1117460 0.1149892 0.1590635 0.1701686 0.1596704 0.1654970 0.9004605 0.1601344 0.1037146 0.1094852 -0.0203506 0.0116468 0.0160209 0.0091924 -0.0023227 0.0274174 0.0104908 0.0037347 0.0171902 0.0098380 0.0231639 0.0080645 0.0089560 0.0031850 0.0140439 0.0052446 0.0167667 0.0150429 -0.0036066 0.0202963 0.0089077 0.0107692 0.0204735 0.0118367 0.0067715 -0.0063177 -0.0050340 0.0069264 0.0157510 0.0107834 -0.0003586 -0.0305012 -0.0736544 -0.0188230 -0.0391837 -0.0383551 -0.0381893 -0.0229068 -0.0344499 -0.0420893 -0.0603265 -0.0434623 -0.0194237 -0.0373398 -0.0165561 -0.0326492 -0.0328812 -0.0249786 -0.0374954 -0.0162376 -0.0508556 -0.0279309 -0.0548230 -0.0001546 -0.0490635 -0.0625762 -0.0599563 -0.0211792 -0.0395789 -0.0297093 -0.0451718 -0.0703040 -0.0404604 -0.1333403 -0.1387947 -0.0595470 -0.0564371 -0.0375956 -0.0965983 -0.0651466 -0.1607112 -0.0627196 -0.0950518 -0.0983210 -0.0982488 -0.0453672 -0.1211637 -0.0597362 -0.1538686
0.0991102 0.1035860 0.1079618 0.0980516 0.1120543 0.1098312 0.1136203 0.1176286 0.1531417 0.1524049 0.1567774 0.1601246 0.1601344 0.9085804 0.1039205 0.1029940 -0.0091177 0.0154794 0.0224868 0.0104362 0.0027820 0.0319107 0.0135201 0.0102203 0.0194666 0.0043063 0.0160046 0.0077621 0.0083381 -0.0007567 0.0088705 0.0015362 0.0083876 0.0131635 -0.0021327 0.0185963 0.0082763 0.0053722 0.0146581 0.0139164 0.0075272 -0.0044635 -0.0050895 0.0025070 0.0141374 0.0110248 -0.0018711 -0.0271201 -0.0714010 -0.0213773 -0.0367958 -0.0403544 -0.0422022 -0.0217769 -0.0352697 -0.0387200 -0.0609377 -0.0432712 -0.0210573 -0.0357111 -0.0199383 -0.0350017 -0.0346922 -0.0215765 -0.0396689 -0.0201209 -0.0507079 -0.0256760 -0.0540605 -0.0039314 -0.0502466 -0.0640408 -0.0563479 -0.0209277 -0.0375535 -0.0282226 -0.0413882 -0.0690774 -0.0410830 -0.1276815 -0.1331412 -0.0599810 -0.0528184 -0.0394882 -0.0952731 -0.0633806 -0.1530746 -0.0624135 -0.0947677 -0.0949819 -0.0955596 -0.0429665 -0.1155808 -0.0530786 -0.1480738
0.0925202 0.0943130 0.1005605 0.0901652 0.0999986 0.0993082 0.0973595 0.1046048 0.1074444 0.1001817 0.1089182 0.1048407 0.1037146 0.1039205 0.8828508 0.0964954 -0.0178276 0.0031062 0.0086354 -0.0035484 -0.0078656 0.0224619 0.0007447 -0.0023708 0.0187350 0.0140215 0.0238984 0.0097934 0.0117148 0.0087709 0.0194891 0.0063032 0.0170038 0.0156761 0.0068135 0.0188072 0.0097319 0.0149876 0.0180442 0.0168399 0.0078457 0.0000113 -0.0005173 0.0042807 0.0147644 0.0168146 -0.0047262 -0.0167461 -0.0651847 -0.0158043 -0.0283886 -0.0368298 -0.0345616 -0.0127432 -0.0255416 -0.0380154 -0.0487164 -0.0316619 -0.0107037 -0.0278475 -0.0105993 -0.0222299 -0.0246905 -0.0194953 -0.0316172 -0.0150718 -0.0397010 -0.0161364 -0.0461846 0.0021625 -0.0394262 -0.0527359 -0.0490084 -0.0205574 -0.0336670 -0.0279790 -0.0398973 -0.0632654 -0.0352924 -0.1161992 -0.1241874 -0.0454684 -0.0386078 -0.0310168 -0.0805678 -0.0550688 -0.1499687 -0.0515439 -0.0832803 -0.0834122 -0.0840616 -0.0407966 -0.1062144 -0.0531405 -0.1386065
0.0948370 0.1000479 0.1031505 0.0945732 0.1070863 0.1061620 0.1074442 0.1085141 0.1149662 0.1086822 0.1121933 0.1177902 0.1094852 0.1029940 0.0964954 0.8894463 -0.0246994 0.0030338 0.0075304 0.0024659 -0.0083369 0.0194390 0.0007194 -0.0009845 0.0226000 0.0187285 0.0246609 0.0102867 0.0140897 0.0093014 0.0206867 0.0132244 0.0248390 0.0157687 0.0064756 0.0243940 0.0097327 0.0147352 0.0196045 0.0149781 0.0114844 0.0013733 0.0037398 0.0011534 0.0144725 0.0175679 0.0006919 -0.0213926 -0.0657782 -0.0174784 -0.0302968 -0.0385936 -0.0359459 -0.0137142 -0.0298809 -0.0407728 -0.0533433 -0.0344792 -0.0143280 -0.0282356 -0.0087506 -0.0235723 -0.0247368 -0.0180215 -0.0305128 -0.0113355 -0.0406512 -0.0199520 -0.0487238 0.0027638 -0.0382510 -0.0574922 -0.0501300 -0.0166463 -0.0358768 -0.0216427 -0.0391294 -0.0668710 -0.0356552 -0.1198639 -0.1290791 -0.0479369 -0.0466744 -0.0357299 -0.0824451 -0.0571753 -0.1566801 -0.0541790 -0.0864716 -0.0893188 -0.0896034 -0.0390475 -0.0919197 -0.0582040 -0.1455323
-0.0142003 -0.0214594 -0.0150104 -0.0188097 -0.0171794 -0.0158505 -0.0232022 -0.0159898 -0.0142121 -0.0131606 -0.0048093 -0.0098393 -0.0203506 -0.0091177 -0.0178276 -0.0246994 1.1834738 0.1268260 0.1324628 0.1684634 0.1767418 0.1232929 0.1513709 0.1575243 -0.0758881 -0.0727620 -0.0731858 -0.0622535 -0.0816541 -0.0901408 -0.0988410 -0.0920645 -0.0905389 -0.0524602 -0.0496129 -0.0850207 -0.0636515 -0.0705881 -0.0720488 -0.0746393 -0.0213870 -0.0435238 -0.0824765 -0.0371136 -0.0390083 -0.0592002 -0.0418404 -0.0921440 0.0677834 -0.0302233 -0.0035810 0.0211484 -0.0318628 -0.0104592 -0.0201054 0.0090778 0.0103299 -0.0074622 -0.0924486 -0.0167105 -0.0916650 -0.1007043 -0.0991637 -0.0486965 -0.0475930 -0.0483876 -0.0388145 -0.0902642 -0.0440854 -0.0681666 -0.0281962 0.0240006 0.0208845 -0.0078529 -0.0129623 -0.0213739 0.0047792 0.0231585 0.0095282 0.1319280 0.1352736 -0.0134689 0.0104731 -0.0242501 0.0525992 0.0065156 0.2226281 0.0082947 0.0694746 -0.0076848 -0.0047742 -0.0272575 0.1520405 0.0097982 0.1799006
0.0076857 0.0089756 0.0041088 0.0026744 0.0121643 0.0066207 0.0049948 0.0073280 0.0125980 0.0131414 0.0204702 0.0198211 0.0116468 0.0154794 0.0031062 0.0030338 0.1268260 1.1062765 0.1290888 0.1439549 0.1421748 0.1213423 0.1384508 0.1247852 -0.0567231 -0.0658871 -0.0572661 -0.0581964 -0.0611415 -0.0786364 -0.0797291 -0.0737568 -0.0709832 -0.0429939 -0.0546056 -0.0719502 -0.0548289 -0.0629411 -0.0595644 -0.0654118 -0.0199736 -0.0530164 -0.0627553 -0.0282619 -0.0251957 -0.0564657 -0.0454430 -0.0793037 0.0284736 -0.0309738 -0.0069734 -0.0108967 -0.0312690 -0.0121351 -0.0449688 -0.0048977 -0.0111975 -0.0083556 -0.0772987 -0.0212071 -0.0855450 -0.0922199 -0.0919142 -0.0451456 -0.0472518 -0.0507255 -0.0409420 -0.0788003 -0.0566182 -0.0584767 -0.0372839 0.0108186 0.0010477 -0.0124536 -0.0182765 -0.0061884 -0.0081251 0.0179256 0.0045769 0.0832414 0.0823659 -0.0196053 -0.0003783 -0.0259078 0.0282943 0.0073833 0.1587765 -0.0113629 0.0352373 -0.0144154 -0.0128219 -0.0159427 0.1137531 -0.0177082 0.1295521
0.0093785 0.0120864 0.0139239 0.0093733 0.0144664 0.0138224 0.0131372 0.0192184 0.0182762 0.0163362 0.0297507 0.0242648 0.0160209 0.0224868 0.0086354 0.0075304 0.1324628 0.1290888 1.1149266 0.1406970 0.1561041 0.1249080 0.1347823 0.1284234 -0.0565434 -0.0569136 -0.0501097 -0.0573620 -0.0642908 -0.0793540 -0.0764143 -0.0735977 -0.0707052 -0.0422820 -0.0577195 -0.0623549 -0.0584917 -0.0639506 -0.0602594 -0.0558531 -0.0239554 -0.0507255 -0.0693379 -0.0317232 -0.0132986 -0.0527502 -0.0493870 -0.0777515 0.0360147 -0.0249044 -0.0088694 -0.0093242 -0.0228916 -0.0141427 -0.0366041 0.0067594 -0.0209051 -0.0168431 -0.0807984 -0.0172374 -0.0876232 -0.0914048 -0.0904931 -0.0389241 -0.0515594 -0.0489328 -0.0408533 -0.0760984 -0.0619658 -0.0566844 -0.0455653 -0.0065864 -0.0033901 -0.0103844 -0.0232641 -0.0175271 -0.0062269 0.0052625 -0.0065502 0.0837893 0.0883057 -0.0328998 0.0005029 -0.0394447 0.0188608 -0.0019659 0.1511708 -0.0115718 0.0112617 -0.0171584 -0.0168262 -0.0209183 0.1059019 -0.0166464 0.1125610
0.0026321 0.0046060 -0.0010842 -0.0025155 0.0056253 0.0029586 0.0037714 0.0052480 0.0140104 0.0150495 0.0193418 0.0170337 0.0091924 0.0104362 -0.0035484 0.0024659 0.1684634 0.1439549 0.1406970 1.1811360 0.1632313 0.1508294 0.1830141 0.1426710 -0.0676403 -0.0685935 -0.0659755 -0.0665497 -0.0781497 -0.0907675 -0.0960609 -0.0856432 -0.0830316 -0.0507085 -0.0615296 -0.0764545 -0.0557203 -0.0746892 -0.0682580 -0.0735362 -0.0350409 -0.0594413 -0.0836655 -0.0372249 -0.0305397 -0.0683693 -0.0597219 -0.0821822 0.0475309 -0.0238397 -0.0023040 0.0115904 -0.0117159 -0.0172405 -0.0393366 -0.0110757 -0.0131846 -0.0043821 -0.0870240 -0.0132298 -0.0965963 -0.1033408 -0.1034116 -0.0576902 -0.0492667 -0.0572270 -0.0399350 -0.0825658 -0.0652779 -0.0607832 -0.0408327 0.0006902 0.0016297 0.0040197 -0.0115456 -0.0288576 -0.0094079 0.0140443 -0.0064555 0.1030985 0.0854540 -0.0309638 -0.0248044 -0.0263396 0.0151985 -0.0013454 0.1952117 -0.0003072 0.0511222 -0.0055347 -0.0034217 -0.0178817 0.1375737 -0.0350430 0.1534631
0.0004894 -0.0074184 -0.0041723 -0.0095638 -0.0004424 -0.0033203 -0.0069509 -0.0014564 0.0008007 0.0028413 0.0114415 0.0053637 -0.0023227 0.0027820 -0.0078656 -0.0083369 0.1767418 0.1421748 0.1561041 0.1632313 1.2148670 0.1529708 0.1723492 0.1637999 -0.0772705 -0.0711774 -0.0637329 -0.0733185 -0.0835908 -0.1018977 -0.0939339 -0.0947912 -0.0940063 -0.0551095 -0.0661998 -0.0877091 -0.0792000 -0.0763552 -0.0748332 -0.0749868 -0.0247520 -0.0602655 -0.0860565 -0.0392693 -0.0331753 -0.0678061 -0.0561202 -0.1025594 0.0615354 -0.0224957 -0.0124770 0.0220297 -0.0182005 -0.0262389 -0.0454962 0.0024211 -0.0078227 -0.0205029 -0.0995269 -0.0229871 -0.1049725 -0.1015203 -0.1025978 -0.0457316 -0.0542928 -0.0596911 -0.0427602 -0.1044466 -0.0585580 -0.0666278 -0.0321190 0.0174040 0.0104772 -0.0083943 -0.0132709 -0.0338389 0.0001636 0.0385718 -0.0049050 0.1223237 0.1256111 -0.0244678 -0.0055318 -0.0222984 0.0372857 -0.0024473 0.2276432 0.0043503 0.0663814 -0.0062899 -0.0044682 -0.0081689 0.1575256 0.0055639 0.1726291
0.0252319 0.0212907 0.0222084 0.0175425 0.0278114 0.0238220 0.0208904 0.0285720 0.0281934 0.0283128 0.0365771 0.0366332 0.0274174 0.0319107 0.0224619 0.0194390 0.1232929 0.1213423 0.1249080 0.1508294 0.1529708 1.1226768 0.1520946 0.1426194 -0.0632701 -0.0542399 -0.0542848 -0.0510103 -0.0680358 -0.0820831 -0.0796520 -0.0728651 -0.0725809 -0.0424073 -0.0540028 -0.0657365 -0.0583476 -0.0593174 -0.0637503 -0.0575887 -0.0258040 -0.0565666 -0.0699778 -0.0309670 -0.0242519 -0.0589253 -0.0526674 -0.0821664 0.0302347 -0.0325990 -0.0062152 0.0043672 -0.0137108 -0.0212394 -0.0439838 -0.0109425 -0.0275688 -0.0107029 -0.0737844 -0.0173321 -0.0947972 -0.0905015 -0.0902203 -0.0498575 -0.0635747 -0.0566923 -0.0494975 -0.0809786 -0.0652513 -0.0560605 -0.0515923 -0.0054033 -0.0086083 -0.0106176 -0.0246445 -0.0249518 -0.0082977 0.0186695 0.0115213 0.0710841 0.0608134 -0.0373286 -0.0240850 -0.0252651 0.0054636 -0.0068636 0.1415920 -0.0142641 0.0195215 -0.0192655 -0.0166879 -0.0244975 0.1004738 -0.0271787 0.1085361
0.0034923 0.0040936 0.0026497 0.0010743 0.0086985 0.0055896 0.0030080 0.0087762 0.0135047 0.0136038 0.0208099 0.0189361 0.0104908 0.0135201 0.0007447 0.0007194 0.1513709 0.1384508 0.1347823 0.1830141 0.1723492 0.1520946 1.1651099 0.1521940 -0.0688615 -0.0715614 -0.0680576 -0.0701594 -0.0776367 -0.0924482 -0.0863150 -0.0828644 -0.0825537 -0.0498215 -0.0608802 -0.0837931 -0.0701517 -0.0736402 -0.0733878 -0.0714457 -0.0226098 -0.0553215 -0.0788563 -0.0327747 -0.0338267 -0.0626271 -0.0570995 -0.0886525 0.0397992 -0.0239513 -0.0014717 0.0127979 -0.0213071 -0.0177234 -0.0428788 0.0009491 -0.0205155 0.0031570 -0.0827632 -0.0153318 -0.1020770 -0.1004414 -0.0986446 -0.0585156 -0.0582865 -0.0519054 -0.0469418 -0.0887170 -0.0608209 -0.0630118 -0.0465308 0.0075085 -0.0030198 -0.0001083 -0.0222412 -0.0295199 -0.0034226 0.0149233 0.0044615 0.1134659 0.0979651 -0.0253409 -0.0117249 -0.0199728 0.0310429 0.0024060 0.1898889 0.0093785 0.0538084 -0.0123020 -0.0104769 -0.0209221 0.1355602 -0.0148745 0.1583029
0.0068898 -0.0016926 -0.0009353 0.0009436 0.0045210 0.0024194 -0.0051687 -0.0010420 0.0067674 0.0098619 0.0134337 0.0102736 0.0037347 0.0102203 -0.0023708 -0.0009845 0.1575243 0.1247852 0.1284234 0.1426710 0.1637999 0.1426194 0.1521940 1.1352849 -0.0613974 -0.0532830 -0.0630402 -0.0557787 -0.0701912 -0.0836680 -0.0835865 -0.0713772 -0.0790075 -0.0457687 -0.0613556 -0.0717129 -0.0575207 -0.0614456 -0.0611441 -0.0666365 -0.0207948 -0.0520407 -0.0744197 -0.0324913 -0.0241872 -0.0554207 -0.0442472 -0.0882569 0.0334667 -0.0272880 -0.0007111 0.0163160 -0.0247137 -0.0180020 -0.0271001 -0.0039979 -0.0108762 -0.0087931 -0.0820050 -0.0282857 -0.0873462 -0.0903724 -0.0898102 -0.0539829 -0.0532560 -0.0573944 -0.0409645 -0.0877181 -0.0491564 -0.0523632 -0.0330448 0.0152498 0.0077029 -0.0126338 -0.0194994 -0.0167500 0.0026392 0.0236784 -0.0071957 0.0932834 0.0806260 -0.0296762 -0.0079568 -0.0286688 0.0331583 -0.0059659 0.1749002 -0.0105768 0.0328102 -0.0022224 -0.0007597 -0.0229278 0.1201513 -0.0123060 0.1352915
0.0189499 0.0197828 0.0178035 0.0215271 0.0221245 0.0231959 0.0209248 0.0203063 0.0206178 0.0169421 0.0156366 0.0151935 0.0171902 0.0194666 0.0187350 0.0226000 -0.0758881 -0.0567231 -0.0565434 -0.0676403 -0.0772705 -0.0632701 -0.0688615 -0.0613974 0.8496206 0.0314577 0.0359212 0.0516347 0.0664474 0.0808377 0.0812296 0.0591286 0.0393142 0.0267061 0.0227644 0.0402168 0.0281497 0.0291874 0.0251576 0.0356251 0.0065326 0.0144423 0.0298372 0.0105081 0.0168606 0.0281093 0.0122884 0.0192565 -0.0515188 -0.0078593 -0.0195825 -0.0211962 -0.0171245 -0.0044683 -0.0092349 -0.0143090 -0.0180406 -0.0174984 0.0237701 -0.0084025 0.0234574 0.0188517 0.0191907 0.0114662 0.0063848 0.0140112 -0.0028871 0.0201843 0.0063701 0.0255455 -0.0037577 -0.0300433 -0.0303456 -0.0110954 -0.0116748 -0.0016619 -0.0214677 -0.0359704 -0.0259498 -0.0878735 -0.1023121 -0.0126603 -0.0122728 -0.0019681 -0.0545646 -0.0296411 -0.1430619 -0.0203033 -0.0537983 -0.0381857 -0.0391206 -0.0101847 -0.1068072 -0.0199273 -0.1263444
0.0131902 0.0139878 0.0128983 0.0130411 0.0124539 0.0163294 0.0144556 0.0160492 0.0088070 0.0100276 0.0067626 0.0057892 0.0098380 0.0043063 0.0140215 0.0187285 -0.0727620 -0.0658871 -0.0569136 -0.0685935 -0.0711774 -0.0542399 -0.0715614 -0.0532830 0.0314577 0.8679835 0.0713207 0.0238623 0.0438508 0.0352559 0.0431104 0.0354805 0.0372638 0.0248921 0.0169489 0.0385487 0.0223085 0.0257725 0.0274780 0.0337710 0.0049581 0.0186523 0.0226611 0.0041851 0.0068802 0.0278588 0.0152552 0.0188575 -0.0413787 0.0033709 -0.0106630 -0.0194763 0.0004204 0.0045835 0.0091240 -0.0208780 -0.0130577 -0.0099036 0.0263400 -0.0027819 0.0395842 0.0298864 0.0288484 0.0098557 0.0077432 0.0115536 -0.0057149 0.0183845 0.0018096 0.0208382 -0.0063218 -0.0282304 -0.0168839 -0.0043440 -0.0026248 -0.0077954 -0.0147549 -0.0357772 -0.0145631 -0.0738765 -0.0832587 -0.0028938 -0.0159478 0.0024290 -0.0376222 -0.0135881 -0.1416455 -0.0171847 -0.0513742 -0.0305576 -0.0302074 -0.0044352 -0.0891530 -0.0202041 -0.1077726
0.0180714 0.0203945 0.0230185 0.0220774 0.0233373 0.0228409 0.0222908 0.0207880 0.0204015 0.0171394 0.0159357 0.0175764 0.0231639 0.0160046 0.0238984 0.0246609 -0.0731858 -0.0572661 -0.0501097 -0.0659755 -0.0637329 -0.0542848 -0.0680576 -0.0630402 0.0359212 0.0713207 0.8604954 0.0306876 0.0372576 0.0447426 0.0409866 0.0423277 0.0327453 0.0246444 0.0181547 0.0312855 0.0286874 0.0247674 0.0256642 0.0336479 0.0071011 0.0159073 0.0258233 0.0104687 0.0107626 0.0222479 0.0157481 0.0182807 -0.0489056 -0.0021741 -0.0223143 -0.0175575 -0.0112532 -0.0075722 -0.0030405 -0.0238085 -0.0181936 -0.0094773 0.0223413 0.0012516 0.0293560 0.0242727 0.0235786 0.0169365 0.0116548 0.0058656 -0.0032880 0.0173747 0.0010497 0.0250405 0.0006360 -0.0295984 -0.0312649 -0.0072300 -0.0051568 -0.0047476 -0.0210155 -0.0380950 -0.0192020 -0.0923374 -0.0970521 -0.0069523 -0.0159476 -0.0047334 -0.0400860 -0.0231023 -0.1369879 -0.0237460 -0.0518574 -0.0393929 -0.0405517 -0.0100764 -0.0958808 -0.0164100 -0.1125000
0.0039504 0.0064437 0.0108947 0.0118130 0.0068799 0.0079153 0.0093429 0.0075204 0.0083994 0.0087382 0.0068986 0.0054870 0.0080645 0.0077621 0.0097934 0.0102867 -0.0622535 -0.0581964 -0.0573620 -0.0665497 -0.0733185 -0.0510103 -0.0701594 -0.0557787 0.0516347 0.0238623 0.0306876 0.8755229 0.0710773 0.0519845 0.0473674 0.0612572 0.0216455 0.0235173 0.0142699 0.0339324 0.0277092 0.0257193 0.0244630 0.0170066 0.0163811 0.0200877 0.0284473 0.0080916 0.0080695 0.0331164 0.0292506 0.0252961 -0.0467290 -0.0073639 -0.0042305 -0.0141785 -0.0009010 0.0098410 0.0010048 -0.0246002 -0.0082686 -0.0130428 0.0264532 -0.0089215 0.0311210 0.0289874 0.0288727 0.0122508 0.0080223 0.0088352 -0.0100193 0.0253558 0.0056999 0.0243218 -0.0060424 -0.0186363 -0.0101348 -0.0117169 -0.0077406 -0.0037241 -0.0187004 -0.0358934 -0.0220644 -0.0778093 -0.0809359 -0.0076478 -0.0111620 -0.0031437 -0.0418966 -0.0194545 -0.1225469 -0.0182978 -0.0578262 -0.0331159 -0.0328179 -0.0173847 -0.0951193 -0.0188978 -0.1051002
0.0071244 0.0092450 0.0089265 0.0113936 0.0080785 0.0109231 0.0089159 0.0071946 0.0079442 0.0065766 0.0073560 0.0044469 0.0089560 0.0083381 0.0117148 0.0140897 -0.0816541 -0.0611415 -0.0642908 -0.0781497 -0.0835908 -0.0680358 -0.0776367 -0.0701912 0.0664474 0.0438508 0.0372576 0.0710773 0.8737376 0.0651395 0.0568437 0.0738491 0.0299714 0.0269681 0.0190079 0.0337248 0.0246889 0.0309148 0.0290924 0.0266455 0.0094237 0.0089061 0.0276297 0.0079269 0.0069626 0.0256944 0.0138011 0.0255579 -0.0305861 -0.0052313 -0.0090597 -0.0312782 -0.0010465 0.0056999 0.0006208 -0.0199623 -0.0110680 -0.0042760 0.0294558 -0.0052439 0.0415582 0.0363137 0.0359699 0.0197077 0.0090540 0.0159955 -0.0015320 0.0233343 0.0042469 0.0268104 -0.0009257 -0.0223211 -0.0211350 -0.0072353 -0.0065245 -0.0045541 -0.0173860 -0.0360162 -0.0148970 -0.0816198 -0.0854312 -0.0024328 -0.0180824 0.0004792 -0.0452561 -0.0282770 -0.1380029 -0.0260517 -0.0507260 -0.0279993 -0.0276172 -0.0122044 -0.1006187 -0.0190828 -0.1124716
0.0022227 0.0051783 0.0079764 0.0069953 0.0046716 0.0077564 0.0088683 0.0037632 0.0038753 0.0007431 -0.0010514 -0.0019800 0.0031850 -0.0007567 0.0087709 0.0093014 -0.0901408 -0.0786364 -0.0793540 -0.0907675 -0.1018977 -0.0820831 -0.0924482 -0.0836680 0.0808377 0.0352559 0.0447426 0.0519845 0.0651395 0.8699059 0.0848262 0.0631937 0.0317939 0.0306924 0.0258668 0.0405536 0.0339685 0.0449929 0.0287200 0.0392449 0.0076156 0.0229809 0.0413990 0.0141012 0.0163865 0.0314712 0.0234170 0.0443697 -0.0469275 -0.0050342 -0.0164507 -0.0178008 -0.0017166 0.0008951 0.0122019 -0.0209782 -0.0154631 -0.0101242 0.0325462 -0.0060542 0.0487973 0.0447223 0.0454640 0.0241176 0.0112905 0.0178885 0.0038117 0.0440920 0.0174714 0.0370136 0.0050719 -0.0271313 -0.0173294 -0.0130711 -0.0127995 0.0108955 -0.0223972 -0.0344179 -0.0173545 -0.0918494 -0.0958218 0.0026933 -0.0093349 -0.0006276 -0.0426265 -0.0173026 -0.1534603 -0.0177365 -0.0563941 -0.0279050 -0.0281673 -0.0078219 -0.1074397 -0.0149388 -0.1264740
0.0158216 0.0166949 0.0200545 0.0182004 0.0191471 0.0149983 0.0186986 0.0165481 0.0139069 0.0106026 0.0112066 0.0098158 0.0140439 0.0088705 0.0194891 0.0206867 -0.0988410 -0.0797291 -0.0764143 -0.0960609 -0.0939339 -0.0796520 -0.0863150 -0.0835865 0.0812296 0.0431104 0.0409866 0.0473674 0.0568437 0.0848262 0.8582779 0.0611725 0.0421413 0.0330475 0.0257837 0.0479408 0.0382084 0.0434438 0.0383571 0.0409117 0.0141002 0.0208836 0.0418442 0.0122386 0.0163607 0.0411249 0.0215009 0.0389301 -0.0608558 0.0033740 -0.0149546 -0.0132402 -0.0035826 0.0008517 0.0095110 -0.0184112 -0.0228029 -0.0155554 0.0447630 -0.0070480 0.0408836 0.0366978 0.0374370 0.0126443 0.0130215 0.0169680 0.0001938 0.0385833 0.0112751 0.0424091 -0.0012460 -0.0352834 -0.0244327 -0.0052308 -0.0033885 -0.0028642 -0.0215604 -0.0426476 -0.0226528 -0.1023666 -0.1124035 -0.0073620 -0.0160222 0.0026439 -0.0555883 -0.0262423 -0.1654318 -0.0215610 -0.0632346 -0.0328641 -0.0337346 -0.0090928 -0.1247918 -0.0087576 -0.1425715
0.0044711 0.0086509 0.0067295 0.0085969 0.0065293 0.0059257 0.0077976 0.0067027 0.0061258 0.0035825 -0.0007021 0.0009446 0.0052446 0.0015362 0.0063032 0.0132244 -0.0920645 -0.0737568 -0.0735977 -0.0856432 -0.0947912 -0.0728651 -0.0828644 -0.0713772 0.0591286 0.0354805 0.0423277 0.0612572 0.0738491 0.0631937 0.0611725 0.8707169 0.0381783 0.0275464 0.0161350 0.0420772 0.0308032 0.0316229 0.0339632 0.0268321 0.0043783 0.0187195 0.0293291 0.0098978 0.0096193 0.0324178 0.0215072 0.0287890 -0.0458455 0.0011821 -0.0151967 -0.0126374 -0.0082710 0.0080737 0.0080063 -0.0136094 -0.0130262 -0.0031560 0.0264599 0.0025020 0.0408154 0.0447341 0.0439948 0.0131805 0.0095387 0.0143217 0.0097957 0.0286189 0.0137889 0.0301826 0.0125627 -0.0219998 -0.0177580 -0.0139628 -0.0106106 0.0069795 -0.0138482 -0.0337683 -0.0203514 -0.0802073 -0.0873114 -0.0024489 -0.0173519 -0.0012107 -0.0412994 -0.0220198 -0.1337027 -0.0241064 -0.0465145 -0.0383713 -0.0386115 -0.0110745 -0.0940914 -0.0042560 -0.1133115
0.0131059 0.0123903 0.0165485 0.0164348 0.0140517 0.0179143 0.0170476 0.0168415 0.0140915 0.0128036 0.0096822 0.0107945 0.0167667 0.0083876 0.0170038 0.0248390 -0.0905389 -0.0709832 -0.0707052 -0.0830316 -0.0940063 -0.0725809 -0.0825537 -0.0790075 0.0393142 0.0372638 0.0327453 0.0216455 0.0299714 0.0317939 0.0421413 0.0381783 0.8537918 0.0289703 0.0307951 0.0517991 0.0294213 0.0448833 0.0443544 0.0463903 0.0086852 0.0242845 0.0379093 0.0148846 0.0160365 0.0250258 0.0159880 0.0369835 -0.0486288 0.0107856 -0.0116800 -0.0215573 -0.0037051 0.0010421 0.0060106 -0.0165827 -0.0151834 -0.0122157 0.0387201 -0.0075858 0.0378926 0.0349411 0.0343917 0.0175248 0.0139024 0.0187393 0.0055520 0.0355526 0.0097021 0.0296427 -0.0006524 -0.0271301 -0.0268185 -0.0015204 -0.0050845 -0.0024986 -0.0162350 -0.0359746 -0.0193466 -0.0887111 -0.0941783 -0.0060389 -0.0159591 -0.0019004 -0.0443863 -0.0148256 -0.1563670 -0.0152209 -0.0528279 -0.0321681 -0.0328057 -0.0090185 -0.1134335 -0.0228906 -0.1171988
0.0140283 0.0155232 0.0166031 0.0156941 0.0161095 0.0158192 0.0171567 0.0162345 0.0145448 0.0132876 0.0120371 0.0126645 0.0150429 0.0131635 0.0156761 0.0157687 -0.0524602 -0.0429939 -0.0422820 -0.0507085 -0.0551095 -0.0424073 -0.0498215 -0.0457687 0.0267061 0.0248921 0.0246444 0.0235173 0.0269681 0.0306924 0.0330475 0.0275464 0.0289703 0.9466706 0.0187724 0.0292754 0.0231489 0.0246043 0.0248386 0.0252778 0.0097801 0.0165561 0.0250846 0.0093662 0.0113484 0.0219104 0.0159866 0.0268731 -0.0300918 0.0039937 -0.0041848 -0.0110177 0.0005021 0.0024712 0.0059323 -0.0101637 -0.0071223 -0.0049074 0.0272109 0.0000319 0.0307747 0.0291903 0.0287967 0.0121517 0.0112382 0.0137654 0.0037962 0.0272004 0.0084183 0.0214418 0.0025951 -0.0160357 -0.0128310 -0.0007718 -0.0004553 0.0010514 -0.0082511 -0.0213212 -0.0081953 -0.0617067 -0.0644733 -0.0018168 -0.0079219 0.0032813 -0.0272790 -0.0125202 -0.0987680 -0.0099618 -0.0343978 -0.0157453 -0.0164999 -0.0030259 -0.0689875 -0.0086501 -0.0808853
0.0011640 0.0011664 0.0040934 0.0037856 -0.0016168 -0.0026539 0.0019579 -0.0003907 -0.0037442 -0.0013846 -0.0041994 -0.0000782 -0.0036066 -0.0021327 0.0068135 0.0064756 -0.0496129 -0.0546056 -0.0577195 -0.0615296 -0.0661998 -0.0540028 -0.0608802 -0.0613556 0.0227644 0.0169489 0.0181547 0.0142699 0.0190079 0.0258668 0.0257837 0.0161350 0.0307951 0.0187724 0.8827124 0.0310766 0.0255095 0.0248042 0.0154764 0.0240761 -0.0009706 0.0088027 0.0258025 -0.0039498 0.0048793 0.0126555 0.0076407 0.0211506 -0.0276552 -0.0003975 -0.0034083 -0.0159274 -0.0012783 0.0025770 0.0030484 -0.0123053 0.0019487 0.0011399 0.0239309 0.0020539 0.0231817 0.0203951 0.0194946 0.0122581 0.0076157 0.0147865 0.0014446 0.0209385 0.0053036 0.0234639 0.0053496 -0.0132509 -0.0155169 -0.0047962 -0.0040798 -0.0007241 -0.0034051 -0.0170293 -0.0028792 -0.0577509 -0.0592865 0.0006633 0.0031211 0.0075206 -0.0222921 -0.0125110 -0.0954240 -0.0129164 -0.0236796 -0.0191628 -0.0198046 -0.0011772 -0.0723863 -0.0030136 -0.0744170
0.0181132 0.0192777 0.0242609 0.0194878 0.0226805 0.0199022 0.0227339 0.0227765 0.0190650 0.0194213 0.0183361 0.0205564 0.0202963 0.0185963 0.0188072 0.0243940 -0.0850207 -0.0719502 -0.0623549 -0.0764545 -0.0877091 -0.0657365 -0.0837931 -0.0717129 0.0402168 0.0385487 0.0312855 0.0339324 0.0337248 0.0405536 0.0479408 0.0420772 0.0517991 0.0292754 0.0310766 0.8621062 0.0406310 0.0385631 0.0424284 0.0404895 0.0102898 0.0207307 0.0371998 0.0121424 0.0132800 0.0305279 0.0218195 0.0261569 -0.0456827 0.0046750 -0.0120795 -0.0225353 -0.0004950 0.0000046 0.0003467 -0.0079167 -0.0189511 -0.0151112 0.0389997 -0.0070250 0.0395433 0.0383715 0.0376352 0.0143148 0.0176523 0.0216989 -0.0001917 0.0285821 0.0063987 0.0355311 -0.0014892 -0.0255883 -0.0226239 -0.0084681 -0.0047419 -0.0028191 -0.0185429 -0.0377708 -0.0215111 -0.1028662 -0.1051304 -0.0057757 -0.0133687 -0.0045107 -0.0465541 -0.0287720 -0.1564022 -0.0207389 -0.0622704 -0.0369088 -0.0379693 -0.0120963 -0.1157476 -0.0212116 -0.1335055
0.0093284 0.0088679 0.0144320 0.0112970 0.0092343 0.0055381 0.0068923 0.0082662 0.0073862 0.0032126 0.0064494 0.0066870 0.0089077 0.0082763 0.0097319 0.0097327 -0.0636515 -0.0548289 -0.0584917 -0.0557203 -0.0792000 -0.0583476 -0.0701517 -0.0575207 0.0281497 0.0223085 0.0286874 0.0277092 0.0246889 0.0339685 0.0382084 0.0308032 0.0294213 0.0231489 0.0255095 0.0406310 0.8682246 0.0299891 0.0354783 0.0293793 -0.0001330 0.0098429 0.0286477 0.0021460 0.0122427 0.0199224 0.0099143 0.0224803 -0.0365998 -0.0009948 -0.0090681 -0.0107042 -0.0041225 0.0004357 0.0097121 -0.0234519 -0.0123210 -0.0088884 0.0328360 0.0009262 0.0281679 0.0254694 0.0262955 0.0085382 0.0172080 0.0097547 0.0016051 0.0229323 0.0086352 0.0325761 -0.0015984 -0.0181373 -0.0163446 -0.0033737 -0.0006283 0.0004591 -0.0101250 -0.0300591 -0.0196950 -0.0909865 -0.0927592 -0.0067287 -0.0168947 0.0012821 -0.0312600 -0.0233922 -0.1226251 -0.0069100 -0.0388765 -0.0260640 -0.0268172 -0.0055703 -0.0920672 -0.0108023 -0.1035808
0.0087029 0.0125698 0.0087304 0.0148997 0.0098545 0.0060987 0.0103233 0.0101664 0.0072276 0.0056643 0.0049159 0.0028079 0.0107692 0.0053722 0.0149876 0.0147352 -0.0705881 -0.0629411 -0.0639506 -0.0746892 -0.0763552 -0.0593174 -0.0736402 -0.0614456 0.0291874 0.0257725 0.0247674 0.0257193 0.0309148 0.0449929 0.0434438 0.0316229 0.0448833 0.0246043 0.0248042 0.0385631 0.0299891 0.8754972 0.0331343 0.0419832 0.0050867 0.0202629 0.0397631 0.0096584 0.0087912 0.0232459 0.0200120 0.0283203 -0.0406601 0.0045214 -0.0053113 -0.0097666 -0.0015184 -0.0032818 0.0113238 -0.0139854 -0.0130345 -0.0021623 0.0298712 -0.0100025 0.0324115 0.0301462 0.0304338 0.0132444 0.0104139 0.0177771 0.0055262 0.0268562 0.0147472 0.0327492 0.0009936 -0.0270692 -0.0186105 -0.0026275 -0.0029960 -0.0022122 -0.0151614 -0.0221574 -0.0123180 -0.0830841 -0.0954396 -0.0018823 -0.0162519 0.0069291 -0.0322823 -0.0250791 -0.1299668 -0.0145708 -0.0426885 -0.0166013 -0.0192986 -0.0100192 -0.0993613 -0.0123556 -0.1114351
0.0165383 0.0197663 0.0188584 0.0194281 0.0213797 0.0137067 0.0197476 0.0193786 0.0142247 0.0166395 0.0146198 0.0145179 0.0204735 0.0146581 0.0180442 0.0196045 -0.0720488 -0.0595644 -0.0602594 -0.0682580 -0.0748332 -0.0637503 -0.0733878 -0.0611441 0.0251576 0.0274780 0.0256642 0.0244630 0.0290924 0.0287200 0.0383571 0.0339632 0.0443544 0.0248386 0.0154764 0.0424284 0.0354783 0.0331343 0.8589037 0.0343499 0.0050648 0.0126026 0.0263438 0.0124567 0.0068718 0.0308986 0.0172824 0.0266238 -0.0509494 0.0050911 -0.0124289 -0.0082191 -0.0068179 0.0001762 0.0122482 -0.0133791 -0.0100177 -0.0186028 0.0260404 -0.0146529 0.0321846 0.0260226 0.0255395 0.0139821 0.0119330 0.0140966 -0.0047350 0.0265423 0.0007953 0.0208959 -0.0060964 -0.0298223 -0.0253690 -0.0061562 -0.0050450 -0.0060270 -0.0047382 -0.0349579 -0.0140650 -0.0798065 -0.0880386 -0.0126544 -0.0208153 0.0024533 -0.0465681 -0.0210279 -0.1422125 -0.0197925 -0.0573838 -0.0274554 -0.0282360 -0.0080274 -0.1025364 -0.0249398 -0.1082135
