0.1436247 0.0276680 0.7930833 0.0000996 0.0355244
0.1382232 0.0170818 0.8072876 0.0000993 0.0373081
0.1221991 0.0110201 0.8445475 0.0000994 0.0221340
0.1591865 0.0325085 0.7638487 0.0000993 0.0443570
0.0902072 0.0130274 0.8737646 0.0000996 0.0229013
0.1275812 0.0000996 0.8570021 0.0000996 0.0152174
0.1085700 0.0119811 0.8725725 0.0000993 0.0067771
0.1144442 0.0070706 0.8778933 0.0000994 0.0004925
0.1263818 0.0000996 0.8730220 0.0000996 0.0003970
0.1107946 0.0018551 0.8823904 0.0000999 0.0048600
0.0859046 0.0099416 0.9010026 0.0030512 0.0001000
0.0852307 0.0001000 0.9144694 0.0001000 0.0001000
0.1069375 0.0000997 0.8817312 0.0000997 0.0111320
0.1045448 0.0111593 0.8820384 0.0000998 0.0021576
0.2164908 0.0118529 0.7328197 0.0000992 0.0387374
0.2128547 0.0000992 0.7440474 0.0000992 0.0428996
0.1973412 0.0001000 0.5640997 0.2383590 0.0001000
0.0994569 0.0406702 0.6726580 0.1871148 0.0001000
0.0249352 0.0529901 0.7313952 0.1905795 0.0001000
0.0000997 0.1110594 0.6749347 0.1996879 0.0142183
0.0243756 0.0073882 0.7207136 0.2474226 0.0001000
0.0000997 0.1194388 0.6913978 0.1594666 0.0295971
0.0000999 0.0329985 0.7185401 0.2249830 0.0233784
0.0061052 0.0681083 0.7004384 0.1991299 0.0262182
0.6680443 0.0020170 0.2367469 0.0000990 0.0930929
0.5594867 0.0331958 0.2097005 0.0000987 0.1975183
0.5870233 0.0098700 0.2494741 0.0000989 0.1535337
0.5954583 0.0000999 0.1974401 0.0000999 0.2069019
0.6126691 0.0130716 0.1847049 0.0000992 0.1894551
0.6933010 0.0139723 0.1320124 0.0000988 0.1606156
0.6621063 0.0264812 0.1719465 0.0000979 0.1393682
0.6970220 0.0000994 0.1198263 0.0000994 0.1829529
0.5789688 0.0721137 0.1793757 0.0000973 0.1694445
0.4589774 0.1193196 0.2706779 0.0191294 0.1318957
0.6182557 0.0648749 0.1691856 0.0000997 0.1475841
0.5818641 0.0327124 0.2138993 0.0000978 0.1714264
0.5597939 0.0635797 0.2026509 0.0000987 0.1738767
0.5439594 0.1136480 0.2016252 0.0000984 0.1406690
0.5200074 0.0889555 0.2316548 0.0000979 0.1592843
0.5538552 0.0790746 0.2168508 0.0000983 0.1501211
0.5176222 0.0001000 0.2840282 0.0301076 0.1681419
0.5619565 0.0001000 0.1612508 0.0214336 0.2552591
0.5710569 0.1442654 0.1274791 0.0000984 0.1571002
0.5909623 0.0899503 0.2496053 0.0215950 0.0478871
0.4733644 0.0830968 0.3317603 0.0087983 0.1029802
0.5919590 0.0000999 0.2143802 0.0000999 0.1934609
0.6179748 0.0001000 0.1860623 0.0217834 0.1740794
0.3794888 0.3434535 0.0314914 0.0000978 0.2454686
0.5532175 0.1650793 0.1116091 0.1684791 0.0016150
0.4801933 0.2023283 0.1681010 0.0208133 0.1285641
0.3328989 0.1894198 0.1627359 0.0694891 0.2454564
0.5640789 0.0001001 0.1626691 0.1395267 0.1336252
0.3047363 0.2829942 0.1163581 0.0420011 0.2539104
0.6165196 0.0007461 0.1955374 0.0751047 0.1120922
0.6773063 0.0739970 0.0693571 0.0454470 0.1338926
0.6008957 0.1201691 0.1567492 0.1220724 0.0001135
0.5146417 0.0765662 0.0461671 0.1156358 0.2469892
0.4605249 0.0800910 0.1191327 0.1023829 0.2378684
0.1799360 0.0875519 0.0401665 0.0000993 0.6922464
0.4262480 0.0359857 0.1214052 0.0738567 0.3425044
0.0893556 0.0068640 0.0253114 0.0007556 0.8777134
0.0000998 0.0000998 0.0000998 0.0213506 0.9783499
0.0000998 0.0000998 0.0000998 0.0230260 0.9766745
0.5097742 0.2409558 0.1160368 0.0000998 0.1331334
0.6108299 0.2336158 0.0433268 0.0177545 0.0944730
0.8683062 0.0168910 0.0802150 0.0344878 0.0001000
0.8697103 0.0659482 0.0001001 0.0641414 0.0001001
0.3842491 0.3399576 0.0360483 0.0000977 0.2396473
0.9269263 0.0121620 0.0001001 0.0607114 0.0001001
0.6249638 0.0673515 0.1739395 0.0000995 0.1336457
0.9089357 0.0270371 0.0001000 0.0638271 0.0001000
0.7509881 0.0001001 0.0229847 0.1425023 0.0834248
0.5988559 0.0934634 0.0771444 0.1195234 0.1110129
0.4851810 0.1193693 0.1977272 0.0481746 0.1495479
0.4971549 0.1280482 0.0961840 0.0500883 0.2285246
0.5352961 0.0001001 0.1302449 0.0803256 0.2540334
0.5126581 0.0058225 0.1105592 0.1082076 0.2627526
0.3945551 0.2477578 0.0785955 0.1346502 0.1444414
0.4551649 0.1020605 0.1475672 0.0965718 0.1986356
0.6270415 0.0671930 0.0001002 0.3055653 0.0001002
0.6599084 0.0113199 0.0001002 0.3285713 0.0001002
0.7540776 0.0001001 0.0001001 0.0866196 0.1591026
0.7658659 0.0691719 0.0580209 0.0948740 0.0120673
0.5387631 0.0526261 0.0833611 0.0622749 0.2629749
0.7594591 0.0565363 0.0001001 0.1838043 0.0001001
0.6871556 0.0654770 0.0149434 0.1116352 0.1207888
0.3408791 0.0001000 0.0858784 0.5345612 0.0385813
0.5846198 0.1478544 0.0409985 0.0970148 0.1295126
0.5879648 0.1491625 0.0183702 0.2095528 0.0349497
0.0001000 0.9849898 0.0001000 0.0147104 0.0001000
0.0001000 0.9834449 0.0001000 0.0162552 0.0001000
0.6487420 0.2218778 0.0631798 0.0520813 0.0141191
0.4211558 0.0001000 0.1430027 0.3869100 0.0488313
0.8500499 0.0414964 0.0001001 0.1082536 0.0001001
0.4029716 0.1359208 0.0060948 0.4139189 0.0410940
0.0136169 0.0034734 0.0001000 0.9827096 0.0001000
0.0012103 0.0011220 0.0001000 0.9944323 0.0031354
0.0145700 0.0001000 0.0001000 0.9851298 0.0001000
0.0159318 0.0001000 0.0001000 0.9837682 0.0001000
0.0092936 0.0099646 0.0001000 0.9805416 0.0001000
0.0232454 0.0001000 0.0001000 0.9764544 0.0001000
0.0113162 0.0056296 0.0001000 0.9828542 0.0001000
0.0075116 0.0023535 0.0001000 0.9899348 0.0001000
0.0078825 0.0001000 0.0001000 0.9918175 0.0001000
0.0000999 0.0000999 0.0000999 0.9981606 0.0015396
0.0001000 0.0001000 0.0001000 0.9967772 0.0029229
0.0001000 0.0001970 0.0001000 0.9994618 0.0001413
0.0001000 0.0001000 0.0001000 0.9978495 0.0018506
0.0001000 0.0001394 0.0001000 0.9995607 0.0001000
0.0000999 0.0000999 0.0000999 0.9985291 0.0011711
0.0000999 0.0000999 0.0000999 0.9977674 0.0019328
0.0000999 0.0013622 0.0000999 0.9983380 0.0000999
0.0000999 0.0000999 0.0000999 0.9980472 0.0016530
