0.1297918 0.0000999 0.8701082
0.1118024 0.0000996 0.8880979
0.0773794 0.0000996 0.9225210
0.1586343 0.0000997 0.8412660
0.0511308 0.0000998 0.9487693
0.0574798 0.0000999 0.9424204
0.0501325 0.0000995 0.9497679
0.0436517 0.0000996 0.9562487
0.0374627 0.0000998 0.9624375
0.0364519 0.0023464 0.9612017
0.0158506 0.0075353 0.9766141
0.0001000 0.0035783 0.9963217
0.0352423 0.0000999 0.9646578
0.0394562 0.0019733 0.9585705
0.1835274 0.0000995 0.8163731
0.1659217 0.0000994 0.8339789
0.0660461 0.2493486 0.6846053
0.0529248 0.1996235 0.7474517
0.0002611 0.2037781 0.7959608
0.0000999 0.2265450 0.7733551
0.0000999 0.2492871 0.7506130
0.0000999 0.1895645 0.8103356
0.0000999 0.2328607 0.7670394
0.0391692 0.2117290 0.7491019
0.6579753 0.0000990 0.3419258
0.6951045 0.0000992 0.3047963
0.6489890 0.0000991 0.3509119
0.6902979 0.0010243 0.3086778
0.7136276 0.0000995 0.2862729
0.7642747 0.0000990 0.2356263
0.7303838 0.0000982 0.2695181
0.7397869 0.0000994 0.2601137
0.7315374 0.0000980 0.2683645
0.6202316 0.0428812 0.3368871
0.7327800 0.0060439 0.2611760
0.6907938 0.0000982 0.3091080
0.7057041 0.0000994 0.2941965
0.7176511 0.0000994 0.2822495
0.6834006 0.0000988 0.3165006
0.6959817 0.0000991 0.3039192
0.5661867 0.0352051 0.3986082
0.6859014 0.0264560 0.2876426
0.7928020 0.0000997 0.2070983
0.6323250 0.0366671 0.3310080
0.5666549 0.0236872 0.4096580
0.6628351 0.0015513 0.3356136
0.6814126 0.0256739 0.2929134
0.9127745 0.0053214 0.0819041
0.6391429 0.1952646 0.1655926
0.7154682 0.0521171 0.2324148
0.6805911 0.0992089 0.2202000
0.5827499 0.1457329 0.2715172
0.7533611 0.0840956 0.1625433
0.6299371 0.0795853 0.2904775
0.7876845 0.0595195 0.1527960
0.6351755 0.1427351 0.2220894
0.7487025 0.1300680 0.1212295
0.6878852 0.1173604 0.1947544
0.8708306 0.0000999 0.1290694
0.7103093 0.0829140 0.2067767
0.8671997 0.0000995 0.1327009
0.9132124 0.0122866 0.0745010
0.9149816 0.0137432 0.0712752
0.7929872 0.0302400 0.1767728
0.8441546 0.0520293 0.1038161
0.7620842 0.0362409 0.2016749
0.8351935 0.0759615 0.0888450
0.9103857 0.0028511 0.0867632
0.8971038 0.0670832 0.0358129
0.7316118 0.0028771 0.2655111
0.8341542 0.0694067 0.0964391
0.7070941 0.1491943 0.1437116
0.7116360 0.1363946 0.1519694
0.6599803 0.0685872 0.2714325
0.7589830 0.0717796 0.1692374
0.6810771 0.0852816 0.2336414
0.6869774 0.1131844 0.1998382
0.7023523 0.1724262 0.1252214
0.6666208 0.1145646 0.2188146
0.6595107 0.3254758 0.0150134
0.6566294 0.3432706 0.0001001
0.8201619 0.0926211 0.0872169
0.7473778 0.1086091 0.1440130
0.7553591 0.0739011 0.1707398
0.7642729 0.2011617 0.0345654
0.7763880 0.1251786 0.0984334
0.2973094 0.5412577 0.1614329
0.7684393 0.1214452 0.1101155
0.6889817 0.2341371 0.0768812
0.8625008 0.1373990 0.0001001
0.8602617 0.1396382 0.0001001
0.7900154 0.0851792 0.1248054
0.3974780 0.3916931 0.2108289
0.7885268 0.1186318 0.0928414
0.5189710 0.4363218 0.0447072
0.0141447 0.9857553 0.0001000
0.0032384 0.9966616 0.0001000
0.0104288 0.9894712 0.0001000
0.0066352 0.9878020 0.0055627
0.0139812 0.9859188 0.0001000
0.0194613 0.9804387 0.0001000
0.0137345 0.9861655 0.0001000
0.0060402 0.9930937 0.0008661
0.0027960 0.9949394 0.0022646
0.0001000 0.9998000 0.0001000
0.0001000 0.9998000 0.0001000
0.0001000 0.9998000 0.0001000
0.0001000 0.9998000 0.0001000
0.0001000 0.9998000 0.0001000
0.0001000 0.9998000 0.0001000
0.0001000 0.9998000 0.0001000
0.0001000 0.9998000 0.0001000
0.0001000 0.9998000 0.0001000
