0.1297950 0.0000999 0.8701050
0.1118061 0.0000996 0.8880942
0.0773842 0.0000996 0.9225161
0.1586358 0.0000997 0.8412645
0.0511349 0.0000998 0.9487652
0.0574742 0.0000999 0.9424260
0.0501399 0.0000995 0.9497606
0.0436569 0.0000996 0.9562435
0.0374634 0.0000998 0.9624367
0.0364483 0.0023464 0.9612053
0.0158486 0.0075368 0.9766146
0.0001000 0.0035774 0.9963226
0.0352449 0.0000999 0.9646552
0.0394576 0.0019733 0.9585690
0.1835385 0.0000995 0.8163620
0.1659301 0.0000994 0.8339705
0.0660603 0.2493456 0.6845942
0.0529314 0.1996223 0.7474462
0.0002573 0.2037785 0.7959642
0.0000999 0.2265445 0.7733555
0.0000999 0.2492866 0.7506135
0.0000999 0.1895635 0.8103366
0.0000999 0.2328611 0.7670390
0.0391812 0.2117266 0.7490922
0.6579911 0.0000990 0.3419099
0.6951193 0.0000992 0.3047815
0.6490099 0.0000991 0.3508910
0.6903170 0.0010253 0.3086577
0.7136443 0.0000995 0.2862562
0.7642921 0.0000990 0.2356090
0.7303998 0.0000982 0.2695021
0.7398075 0.0000994 0.2600930
0.7315596 0.0000980 0.2683424
0.6202166 0.0428819 0.3369015
0.7327999 0.0060447 0.2611554
0.6908091 0.0000982 0.3090927
0.7057188 0.0000994 0.2941817
0.7176673 0.0000994 0.2822333
0.6834184 0.0000988 0.3164828
0.6959988 0.0000991 0.3039021
0.5662061 0.0352049 0.3985890
0.6859265 0.0264551 0.2876184
0.7928211 0.0000997 0.2070792
0.6323434 0.0366678 0.3309889
0.5666937 0.0236826 0.4096237
0.6628667 0.0015485 0.3355848
0.6814429 0.0256726 0.2928845
0.9127957 0.0053202 0.0818841
0.6391628 0.1952638 0.1655734
0.7154876 0.0521169 0.2323955
0.6806052 0.0992090 0.2201858
0.5827654 0.1457324 0.2715022
0.7533858 0.0840945 0.1625197
0.6299587 0.0795839 0.2904574
0.7877131 0.0595181 0.1527689
0.6352003 0.1427329 0.2220667
0.7487248 0.1300675 0.1212078
0.6879115 0.1173579 0.1947307
0.8708543 0.0000999 0.1290458
0.7103339 0.0829136 0.2067525
0.8672256 0.0000995 0.1326749
0.9132290 0.0122864 0.0744845
0.9150030 0.0137423 0.0712547
0.7930065 0.0302387 0.1767547
0.8441723 0.0520304 0.1037973
0.7621024 0.0362416 0.2016560
0.8352070 0.0759634 0.0888296
0.9103965 0.0028519 0.0867517
0.8971284 0.0670816 0.0357900
0.7316304 0.0028765 0.2654931
0.8341775 0.0694065 0.0964161
0.7071204 0.1491924 0.1436871
0.7116581 0.1363943 0.1519475
0.6600054 0.0685868 0.2714078
0.7590123 0.0717793 0.1692084
0.6810974 0.0852821 0.2336204
0.6870030 0.1131840 0.1998130
0.7023711 0.1724256 0.1252033
0.6666401 0.1145651 0.2187948
0.6595430 0.3254693 0.0149877
0.6566315 0.3432685 0.0001001
0.8201890 0.0926205 0.0871904
0.7474034 0.1086076 0.1439890
0.7553835 0.0738996 0.1707169
0.7643029 0.2011605 0.0345366
0.7764118 0.1251779 0.0984103
0.2973273 0.5412571 0.1614157
0.7684652 0.1214450 0.1100898
0.6890033 0.2341362 0.0768604
0.8625022 0.1373977 0.0001001
0.8602614 0.1396385 0.0001001
0.7900418 0.0851788 0.1247794
0.3975015 0.3916885 0.2108101
0.7885482 0.1186328 0.0928190
0.5189903 0.4363194 0.0446903
0.0141500 0.9857500 0.0001000
0.0032469 0.9966531 0.0001000
0.0104334 0.9894665 0.0001000
0.0066504 0.9877947 0.0055549
0.0139957 0.9859043 0.0001000
0.0194604 0.9804395 0.0001000
0.0137460 0.9861540 0.0001000
0.0060516 0.9930851 0.0008632
0.0028116 0.9949359 0.0022525
0.0001000 0.9998000 0.0001000
0.0001000 0.9998000 0.0001000
0.0001000 0.9998000 0.0001000
0.0001000 0.9998000 0.0001000
0.0001000 0.9998000 0.0001000
0.0001000 0.9998000 0.0001000
0.0001000 0.9998000 0.0001000
0.0001000 0.9998000 0.0001000
0.0001000 0.9998000 0.0001000
