0.8260477 0.0000997 0.0272854 0.1465672
0.8422490 0.0000995 0.0156640 0.1419876
0.8790612 0.0000995 0.0073788 0.1134605
0.7969172 0.0000995 0.0318196 0.1711638
0.9074137 0.0000997 0.0075370 0.0849496
0.8894159 0.0000997 0.0000997 0.1103847
0.9081804 0.0000994 0.0097530 0.0819672
0.9152533 0.0000995 0.0060018 0.0786453
0.9092790 0.0000997 0.0000997 0.0905215
0.9185086 0.0005864 0.0001200 0.0807849
0.9387642 0.0047434 0.0062461 0.0502464
0.9560180 0.0013144 0.0001000 0.0425676
0.9154146 0.0000998 0.0000998 0.0843859
0.9184085 0.0000999 0.0096245 0.0718670
0.7662702 0.0000994 0.0166925 0.2169379
0.7790081 0.0000994 0.0000994 0.2207931
0.5995571 0.2446832 0.0001000 0.1556598
0.7197021 0.1914963 0.0435050 0.0452966
0.7617230 0.1931618 0.0450152 0.0001000
0.7185592 0.2069608 0.0743802 0.0000999
0.7496192 0.2501808 0.0001000 0.0001000
0.7481424 0.1681722 0.0835855 0.0000999
0.7622524 0.2323518 0.0052958 0.0001000
0.7223498 0.2030626 0.0453792 0.0292084
0.2652950 0.0000991 0.0464609 0.6881450
0.2305793 0.0000991 0.0669387 0.7023829
0.2733451 0.0000992 0.0452964 0.6812593
0.2208265 0.0089582 0.0172645 0.7529507
0.2060499 0.0000997 0.0471165 0.7467339
0.1534888 0.0000991 0.0572760 0.7891361
0.1939009 0.0000982 0.0684706 0.7375303
0.1502859 0.0038248 0.0001000 0.8457893
0.2028273 0.0000976 0.1154415 0.6816337
0.2905539 0.0261972 0.1504467 0.5328022
0.1946522 0.0000999 0.1141431 0.6911048
0.2362369 0.0000982 0.0701927 0.6934721
0.2250166 0.0000991 0.1003792 0.6745051
0.2243291 0.0000987 0.1521112 0.6234609
0.2556324 0.0000983 0.1252904 0.6189789
0.2407174 0.0000986 0.1182603 0.6409237
0.3109038 0.0432580 0.0001000 0.6457382
0.1816934 0.0371940 0.0001000 0.7810126
0.1506536 0.0000987 0.1891938 0.6600539
0.2792993 0.0225752 0.1494630 0.5486625
0.3573340 0.0130139 0.1194739 0.5101783
0.2419475 0.0127717 0.0001000 0.7451808
0.2104507 0.0321827 0.0228833 0.7344833
0.0475809 0.0000983 0.3573795 0.5949413
0.1371471 0.1677223 0.2360018 0.4591288
0.1921639 0.0250633 0.2441298 0.5386430
0.1767577 0.0784205 0.1976570 0.5471647
0.1952981 0.1540350 0.0001000 0.6505669
0.1317201 0.0503580 0.2909588 0.5269631
0.2194833 0.0823012 0.0399094 0.6583061
0.0888508 0.0516511 0.1260350 0.7334630
0.1834894 0.1224455 0.1896292 0.5044359
0.0610156 0.1245335 0.1082982 0.7061527
0.1339837 0.1118964 0.0996569 0.6544630
0.0452095 0.0021197 0.0653625 0.8873083
0.1324965 0.0862968 0.0455395 0.7356673
0.0050493 0.0088315 0.0001000 0.9860193
0.0001000 0.0283390 0.0001000 0.9714610
0.0001000 0.0300798 0.0001000 0.9697201
0.1395675 0.0001000 0.2888951 0.5714374
0.0677362 0.0197767 0.2970610 0.6154261
0.1343988 0.0280333 0.1235364 0.7140314
0.0300186 0.0597116 0.1854898 0.7247801
0.0525410 0.0000982 0.3548608 0.5925000
0.0001001 0.0532684 0.1684994 0.7781321
0.1980614 0.0000997 0.1154452 0.6863937
0.0288992 0.0608493 0.1352889 0.7749627
0.0633544 0.1585088 0.0079316 0.7702052
0.0982372 0.1247810 0.1426025 0.6343793
0.2183674 0.0555848 0.1446093 0.5814385
0.1128985 0.0592598 0.1532635 0.6745781
0.1513115 0.0941491 0.0089373 0.7456021
0.1250888 0.1192857 0.0266707 0.7289547
0.0970699 0.1388590 0.2819960 0.4820751
0.1637114 0.1053830 0.1217237 0.6091818
0.0001001 0.3082108 0.1714164 0.5202727
0.0001001 0.3325918 0.1258094 0.5414987
0.0008282 0.1053031 0.0023696 0.8914991
0.0866809 0.0958771 0.1528257 0.6646163
0.0984818 0.0732500 0.0770710 0.7511972
0.0001001 0.1877789 0.1579299 0.6541911
0.0350890 0.1181024 0.1208703 0.7259383
0.1088010 0.5442777 0.0001000 0.3468214
0.0615288 0.1022153 0.1974051 0.6388509
0.0416749 0.2099917 0.2212872 0.5270463
0.0001000 0.0123442 0.9874558 0.0001000
0.0001000 0.0140843 0.9857157 0.0001000
0.0928922 0.0501011 0.3039399 0.5530668
0.1656305 0.3936252 0.0232234 0.4175209
0.0323179 0.1083545 0.1429348 0.7163928
0.0209614 0.4162513 0.1782705 0.3845167
0.0001000 0.9849746 0.0072859 0.0076395
0.0001000 0.9964619 0.0009288 0.0025093
0.0001000 0.9893007 0.0019863 0.0086129
0.0037380 0.9871723 0.0041993 0.0048905
0.0001000 0.9830552 0.0167448 0.0001000
0.0001000 0.9804837 0.0013686 0.0180477
0.0001000 0.9849537 0.0093510 0.0055953
0.0001995 0.9922839 0.0050427 0.0024739
0.0006573 0.9948831 0.0001724 0.0042872
0.0001000 0.9997001 0.0001000 0.0001000
0.0001000 0.9997000 0.0001000 0.0001000
0.0001000 0.9997001 0.0001000 0.0001000
0.0001000 0.9997001 0.0001000 0.0001000
0.0001000 0.9997001 0.0001000 0.0001000
0.0001000 0.9997001 0.0001000 0.0001000
0.0001000 0.9997001 0.0001000 0.0001000
0.0001000 0.9997001 0.0001000 0.0001000
0.0001000 0.9997001 0.0001000 0.0001000
