0.8767206 0.1779522 0.1443901 0.1652518 0.1497236 0.1434432 0.1475015 0.1529014 0.1468301 0.1437145 0.1449400 0.1520172 0.1422444 0.1408049 0.1344471 0.1366704 0.0301378 0.0526985 0.0550716 0.0511280 0.0458751 0.0710666 0.0495225 0.0538558 0.0673337 0.0641980 0.0678305 0.0526171 0.0565106 0.0531099 0.0648072 0.0499987 0.0668206 0.0572115 0.0520468 0.0689966 0.0609150 0.0602380 0.0685888 0.0629890 0.0523070 0.0447793 0.0492357 0.0479115 0.0638245 0.0581659 0.0479811 0.0366094 -0.0148066 0.0356857 0.0197517 0.0065820 0.0172852 0.0299409 0.0190532 0.0076779 -0.0021402 0.0076996 0.0396839 0.0210323 0.0407778 0.0254031 0.0242206 0.0392918 0.0165017 0.0319343 0.0059388 0.0375702 0.0013284 0.0511505 0.0090471 -0.0103948 -0.0026054 0.0337074 0.0179075 0.0189503 0.0119098 -0.0104907 0.0118453 -0.0727865 -0.0829087 -0.0010887 0.0034303 0.0179357 -0.0339334 -0.0082203 -0.1233161 -0.0006107 -0.0369152 -0.0151083 -0.0154545 0.0112849 -0.0683164 -0.0048699 -0.1041189 -0.2737034 -0.2766668 -0.2758071 -0.2736023 -0.2733048 -0.2724866 -0.2729777 -0.2740439 -0.2754318 -0.2770084 -0.2792917 -0.2780485 -0.2780553 -0.2789488 -0.2792735 -0.2781178 -0.2817817 -0.2776603
0.1779522 0.8837956 0.1470418 0.1746813 0.1513948 0.1498599 0.1523431 0.1547971 0.1492889 0.1474931 0.1505864 0.1536126 0.1505778 0.1456562 0.1372446 0.1413854 0.0267820 0.0562884 0.0596197 0.0538574 0.0421946 0.0697302 0.0518010 0.0487205 0.0690386 0.0660075 0.0714314 0.0562374 0.0599771 0.0565708 0.0672791 0.0555059 0.0666586 0.0590520 0.0526556 0.0710861 0.0619061 0.0640460 0.0721404 0.0668076 0.0560883 0.0471272 0.0503305 0.0521044 0.0651255 0.0610206 0.0456275 0.0332917 -0.0157711 0.0403534 0.0199307 0.0065647 0.0180244 0.0295859 0.0201422 0.0075186 -0.0039858 0.0097669 0.0426230 0.0234671 0.0417936 0.0304801 0.0295519 0.0396270 0.0199828 0.0335227 0.0099688 0.0349274 0.0014494 0.0528135 0.0097442 -0.0101455 -0.0022044 0.0334043 0.0189605 0.0249416 0.0102989 -0.0125669 0.0144135 -0.0769201 -0.0844447 -0.0004108 0.0034899 0.0166415 -0.0377818 -0.0064392 -0.1258605 0.0023160 -0.0387766 -0.0201434 -0.0216083 0.0125521 -0.0710106 -0.0010896 -0.1054306 -0.2821284 -0.2860563 -0.2838555 -0.2817131 -0.2822672 -0.2822635 -0.2812965 -0.2856870 -0.2848985 -0.2864915 -0.2862378 -0.2886938 -0.2865283 -0.2877468 -0.2870347 -0.2872741 -0.2910340 -0.2869737
0.1443901 0.1470418 0.8788054 0.1438483 0.1893075 0.1825375 0.2004989 0.1902132 0.1533837 0.1522779 0.1535946 0.1564114 0.1528147 0.1498819 0.1421213 0.1442597 0.0347404 0.0553384 0.0645847 0.0519752 0.0473163 0.0726287 0.0542899 0.0526239 0.0675774 0.0648479 0.0727024 0.0595985 0.0586404 0.0576939 0.0695214 0.0533733 0.0688646 0.0593641 0.0548392 0.0744362 0.0658117 0.0608706 0.0711924 0.0689338 0.0602274 0.0499245 0.0483784 0.0496664 0.0684536 0.0651537 0.0482245 0.0317775 -0.0193456 0.0344314 0.0222347 0.0055107 0.0177706 0.0300672 0.0193897 0.0075378 -0.0018682 0.0070125 0.0362013 0.0209743 0.0381492 0.0236320 0.0238040 0.0337654 0.0140427 0.0278087 0.0066080 0.0329443 0.0003865 0.0492005 0.0084144 -0.0095300 -0.0033106 0.0347225 0.0204161 0.0208027 0.0091931 -0.0150156 0.0128997 -0.0799108 -0.0908633 -0.0005578 0.0055015 0.0156827 -0.0381513 -0.0066480 -0.1248820 -0.0068599 -0.0412692 -0.0221632 -0.0230352 0.0102175 -0.0732053 -0.0041245 -0.1101890 -0.2846863 -0.2887751 -0.2875091 -0.2832976 -0.2833234 -0.2827394 -0.2844424 -0.2851673 -0.2875465 -0.2890846 -0.2898032 -0.2906872 -0.2894951 -0.2897701 -0.2906644 -0.2898611 -0.2937980 -0.2910080
0.1652518 0.1746813 0.1438483 0.8849229 0.1446536 0.1438821 0.1438778 0.1499144 0.1450178 0.1395902 0.1452839 0.1461648 0.1396419 0.1405462 0.1330289 0.1361615 0.0296363 0.0527000 0.0574106 0.0492709 0.0405262 0.0674939 0.0501694 0.0513390 0.0682636 0.0633530 0.0699398 0.0583954 0.0589328 0.0553652 0.0655623 0.0527267 0.0679308 0.0579870 0.0537288 0.0684736 0.0619989 0.0643716 0.0697124 0.0658284 0.0551870 0.0477766 0.0545730 0.0520013 0.0669260 0.0602400 0.0463358 0.0369131 -0.0139476 0.0386933 0.0245269 0.0054762 0.0190200 0.0300669 0.0231386 0.0075441 -0.0003951 0.0113969 0.0418483 0.0249710 0.0398168 0.0280275 0.0279486 0.0405817 0.0213435 0.0296766 0.0061906 0.0391211 0.0014786 0.0534604 0.0097500 -0.0071713 -0.0026918 0.0344137 0.0212690 0.0211640 0.0111060 -0.0092512 0.0139477 -0.0743288 -0.0829764 0.0004171 0.0080719 0.0197487 -0.0358030 -0.0076781 -0.1246560 0.0005572 -0.0379585 -0.0134847 -0.0133351 0.0147871 -0.0698239 -0.0024559 -0.1022401 -0.2765888 -0.2794204 -0.2770092 -0.2747463 -0.2763946 -0.2746294 -0.2755305 -0.2776717 -0.2783513 -0.2810808 -0.2807704 -0.2814851 -0.2811323 -0.2808868 -0.2807708 -0.2798626 -0.2847902 -0.2793593
0.1497236 0.1513948 0.1893075 0.1446536 0.8918031 0.1974374 0.2027104 0.2000638 0.1560685 0.1541905 0.1566518 0.1605058 0.1548875 0.1527670 0.1419796 0.1474505 0.0337888 0.0622947 0.0654144 0.0602035 0.0518589 0.0793577 0.0612806 0.0585309 0.0684531 0.0628737 0.0708814 0.0552174 0.0567230 0.0532707 0.0667577 0.0508864 0.0663291 0.0585845 0.0491130 0.0714283 0.0608035 0.0610632 0.0720707 0.0644983 0.0610461 0.0473454 0.0462077 0.0498233 0.0674187 0.0599130 0.0474194 0.0280315 -0.0178793 0.0353172 0.0190632 0.0073621 0.0147879 0.0290743 0.0159113 0.0046461 -0.0051960 0.0063510 0.0365699 0.0152106 0.0387710 0.0279539 0.0246571 0.0343077 0.0165022 0.0281970 0.0025948 0.0288734 -0.0038507 0.0525454 0.0038445 -0.0148916 -0.0074497 0.0335281 0.0188352 0.0204032 0.0070882 -0.0166191 0.0113579 -0.0821545 -0.0944071 -0.0042944 -0.0002352 0.0133996 -0.0397568 -0.0089089 -0.1255200 -0.0068185 -0.0414199 -0.0208220 -0.0214284 0.0093983 -0.0728503 -0.0111218 -0.1072340 -0.2829642 -0.2849884 -0.2833456 -0.2800296 -0.2810364 -0.2800637 -0.2811981 -0.2817982 -0.2823385 -0.2847039 -0.2871999 -0.2870268 -0.2862692 -0.2871594 -0.2863663 -0.2860288 -0.2911085 -0.2857592
0.1434432 0.1498599 0.1825375 0.1438821 0.1974374 0.8860966 0.1952536 0.1932873 0.1536337 0.1520946 0.1541299 0.1597953 0.1511690 0.1501856 0.1411741 0.1462462 0.0353273 0.0566579 0.0633824 0.0534227 0.0477620 0.0713445 0.0552949 0.0535411 0.0720809 0.0671083 0.0728057 0.0579731 0.0611117 0.0590255 0.0655830 0.0536496 0.0699973 0.0578616 0.0498902 0.0703577 0.0588625 0.0573815 0.0660960 0.0655743 0.0603717 0.0485857 0.0498157 0.0496811 0.0676752 0.0619195 0.0492396 0.0246608 -0.0179976 0.0321581 0.0147162 0.0093080 0.0128601 0.0313525 0.0166968 0.0084760 -0.0080638 0.0054693 0.0323425 0.0172887 0.0359468 0.0210221 0.0199131 0.0355293 0.0155462 0.0329791 0.0062243 0.0258241 0.0040927 0.0530761 0.0061602 -0.0108840 -0.0057463 0.0325751 0.0176833 0.0208919 0.0097743 -0.0196718 0.0124192 -0.0781372 -0.0907780 0.0002709 0.0059407 0.0159865 -0.0381209 -0.0035818 -0.1236520 -0.0070220 -0.0400915 -0.0344518 -0.0361490 0.0096957 -0.0695941 -0.0079864 -0.1059514 -0.2820811 -0.2839351 -0.2840080 -0.2802570 -0.2805122 -0.2796522 -0.2811776 -0.2831132 -0.2820437 -0.2868888 -0.2860110 -0.2864386 -0.2873544 -0.2878782 -0.2859194 -0.2852233 -0.2889594 -0.2876318
0.1475015 0.1523431 0.2004989 0.1438778 0.2027104 0.1952536 0.8845716 0.2068962 0.1562390 0.1553250 0.1576283 0.1626069 0.1540977 0.1558283 0.1413624 0.1487761 0.0313458 0.0579991 0.0654670 0.0579349 0.0482066 0.0732368 0.0566496 0.0506542 0.0704110 0.0662785 0.0727787 0.0589757 0.0595670 0.0592657 0.0679780 0.0544674 0.0706884 0.0607697 0.0545497 0.0736183 0.0606878 0.0629792 0.0725781 0.0713703 0.0606003 0.0468046 0.0500535 0.0513294 0.0671488 0.0606883 0.0483547 0.0300228 -0.0167423 0.0355161 0.0195474 0.0062274 0.0153332 0.0311218 0.0160408 0.0080823 -0.0028448 0.0056366 0.0334995 0.0134050 0.0341189 0.0235061 0.0207932 0.0383456 0.0200108 0.0339122 0.0089056 0.0319312 0.0015204 0.0554394 0.0075272 -0.0117801 -0.0054548 0.0346813 0.0201302 0.0216979 0.0086098 -0.0146560 0.0120826 -0.0799228 -0.0912338 -0.0016238 0.0057712 0.0136234 -0.0377749 -0.0059836 -0.1301164 -0.0067196 -0.0405678 -0.0195684 -0.0209352 0.0098878 -0.0747336 -0.0087092 -0.1113514 -0.2910337 -0.2950165 -0.2927129 -0.2909549 -0.2909174 -0.2883971 -0.2918090 -0.2930279 -0.2927052 -0.2959030 -0.2958642 -0.2979725 -0.2953439 -0.2973945 -0.2963590 -0.2969184 -0.2972260 -0.2963852
0.1529014 0.1547971 0.1902132 0.1499144 0.2000638 0.1932873 0.2068962 0.8924389 0.1609466 0.1561617 0.1607014 0.1676095 0.1561455 0.1577069 0.1463501 0.1492437 0.0356561 0.0589977 0.0701421 0.0590440 0.0518438 0.0786023 0.0596235 0.0532515 0.0705765 0.0669317 0.0718621 0.0574829 0.0586489 0.0557488 0.0672775 0.0537458 0.0705208 0.0601791 0.0523944 0.0733994 0.0619520 0.0626160 0.0718490 0.0683227 0.0615111 0.0464524 0.0498445 0.0525488 0.0660412 0.0630197 0.0471081 0.0289512 -0.0174143 0.0353812 0.0157131 0.0103817 0.0131452 0.0319238 0.0188203 0.0071553 -0.0052158 0.0024286 0.0287498 0.0161969 0.0325685 0.0178962 0.0160180 0.0340256 0.0164800 0.0332133 0.0061772 0.0295518 0.0029511 0.0527183 0.0078270 -0.0105536 -0.0057667 0.0363281 0.0178188 0.0211820 0.0087536 -0.0170358 0.0118403 -0.0798597 -0.0914468 -0.0033127 0.0056964 0.0145662 -0.0350854 -0.0072729 -0.1275612 -0.0031123 -0.0412172 -0.0231338 -0.0244668 0.0109437 -0.0728754 -0.0052686 -0.1077625 -0.2892053 -0.2921448 -0.2901348 -0.2871194 -0.2884360 -0.2872116 -0.2887007 -0.2905910 -0.2911554 -0.2930592 -0.2944779 -0.2936953 -0.2942301 -0.2942888 -0.2943865 -0.2933187 -0.2974271 -0.2937597
0.1468301 0.1492889 0.1533837 0.1450178 0.1560685 0.1536337 0.1562390 0.1609466 0.8927984 0.1877201 0.1968629 0.1939705 0.1907023 0.1851064 0.1486859 0.1539069 0.0363889 0.0609514 0.0662386 0.0609475 0.0505697 0.0742518 0.0609187 0.0563727 0.0717940 0.0631962 0.0713846 0.0593355 0.0594555 0.0572642 0.0662022 0.0561006 0.0680355 0.0583009 0.0503348 0.0709577 0.0604635 0.0601165 0.0675871 0.0655299 0.0600229 0.0428164 0.0460402 0.0557941 0.0699534 0.0625207 0.0518354 0.0261725 -0.0179952 0.0333035 0.0186219 0.0035848 0.0099495 0.0316497 0.0225474 0.0081836 -0.0071871 0.0080733 0.0288564 0.0174253 0.0301568 0.0170244 0.0167068 0.0323012 0.0140938 0.0352125 0.0085038 0.0275114 0.0031516 0.0540144 0.0091654 -0.0091044 -0.0006609 0.0317188 0.0159650 0.0192357 0.0038977 -0.0177282 0.0118449 -0.0781804 -0.0853550 0.0003533 0.0001307 0.0168013 -0.0390162 -0.0087587 -0.1204599 -0.0031002 -0.0414110 -0.0394960 -0.0395247 0.0112994 -0.0724792 -0.0044370 -0.1088183 -0.2850857 -0.2872944 -0.2846105 -0.2823099 -0.2825067 -0.2825456 -0.2839050 -0.2853522 -0.2860913 -0.2875990 -0.2893351 -0.2877771 -0.2887707 -0.2893998 -0.2879851 -0.2894793 -0.2942711 -0.2882532
0.1437145 0.1474931 0.1522779 0.1395902 0.1541905 0.1520946 0.1553250 0.1561617 0.1877201 0.8883801 0.1851776 0.1908489 0.1990764 0.1839804 0.1413472 0.1485566 0.0338689 0.0597752 0.0629495 0.0617730 0.0508710 0.0740821 0.0596204 0.0583041 0.0671005 0.0617349 0.0673806 0.0571867 0.0564711 0.0521523 0.0622265 0.0508433 0.0662230 0.0566467 0.0500811 0.0699609 0.0557982 0.0571027 0.0685240 0.0653401 0.0553646 0.0428002 0.0458123 0.0538319 0.0660412 0.0576554 0.0463015 0.0278581 -0.0199878 0.0336491 0.0173824 0.0076929 0.0123734 0.0318655 0.0153115 0.0075606 -0.0069108 0.0046071 0.0295080 0.0161598 0.0307571 0.0176997 0.0154747 0.0302920 0.0154312 0.0307071 0.0043462 0.0284288 -0.0011051 0.0480430 0.0043460 -0.0113022 -0.0033324 0.0297057 0.0142715 0.0181797 0.0042417 -0.0168829 0.0110821 -0.0769751 -0.0889276 -0.0030052 0.0011615 0.0150356 -0.0411995 -0.0077672 -0.1210079 -0.0076806 -0.0416395 -0.0305922 -0.0300517 0.0090136 -0.0708187 -0.0090545 -0.1044587 -0.2778674 -0.2793733 -0.2795877 -0.2745690 -0.2749555 -0.2739171 -0.2769692 -0.2766996 -0.2782016 -0.2799206 -0.2817476 -0.2814161 -0.2801302 -0.2813953 -0.2812439 -0.2807512 -0.2844427 -0.2813356
0.1449400 0.1505864 0.1535946 0.1452839 0.1566518 0.1541299 0.1576283 0.1607014 0.1968629 0.1851776 0.9120517 0.2027628 0.1902903 0.1868657 0.1483773 0.1502649 0.0402046 0.0662471 0.0744874 0.0667776 0.0581825 0.0818247 0.0665473 0.0615335 0.0633893 0.0580016 0.0653151 0.0543336 0.0552007 0.0490967 0.0608919 0.0455152 0.0618245 0.0555320 0.0466398 0.0668013 0.0569248 0.0562428 0.0657873 0.0606442 0.0558940 0.0409873 0.0442179 0.0511942 0.0658119 0.0572046 0.0437357 0.0243379 -0.0187921 0.0305151 0.0187793 0.0024876 0.0110392 0.0259540 0.0151227 0.0054126 -0.0095626 0.0056021 0.0283396 0.0166554 0.0249164 0.0115598 0.0102622 0.0302900 0.0109650 0.0275955 0.0017213 0.0254173 -0.0052133 0.0445252 0.0008454 -0.0161642 -0.0056046 0.0297608 0.0149862 0.0150941 0.0022629 -0.0159642 0.0064368 -0.0785445 -0.0896225 -0.0081176 0.0003349 0.0109880 -0.0437248 -0.0143059 -0.1191648 -0.0072485 -0.0449184 -0.0258271 -0.0256480 0.0096355 -0.0724459 -0.0085323 -0.1061717 -0.2711945 -0.2745317 -0.2731422 -0.2688069 -0.2704309 -0.2700794 -0.2710328 -0.2722446 -0.2723354 -0.2725407 -0.2757335 -0.2756602 -0.2754367 -0.2769370 -0.2751160 -0.2776577 -0.2815452 -0.2754880
0.1520172 0.1536126 0.1564114 0.1461648 0.1605058 0.1597953 0.1626069 0.1676095 0.1939705 0.1908489 0.2027628 0.9053748 0.1953491 0.1903883 0.1457490 0.1557782 0.0378076 0.0655126 0.0706467 0.0641809 0.0538297 0.0807036 0.0649046 0.0590367 0.0653552 0.0585019 0.0680535 0.0554948 0.0554512 0.0501475 0.0614276 0.0491698 0.0638117 0.0565174 0.0516546 0.0709812 0.0587198 0.0560212 0.0671816 0.0621896 0.0585553 0.0415834 0.0472053 0.0515769 0.0683411 0.0570954 0.0478079 0.0229899 -0.0217767 0.0300579 0.0162270 0.0044052 0.0121427 0.0310140 0.0158754 0.0044123 -0.0085884 0.0087141 0.0260324 0.0133221 0.0237137 0.0110711 0.0101008 0.0290612 0.0129655 0.0289600 0.0051048 0.0245873 -0.0020088 0.0497539 0.0060597 -0.0147630 -0.0049869 0.0276114 0.0118967 0.0178924 0.0028253 -0.0206494 0.0096949 -0.0773636 -0.0889343 -0.0062255 0.0003066 0.0097391 -0.0448955 -0.0115695 -0.1187907 -0.0089543 -0.0438853 -0.0323276 -0.0330650 0.0059101 -0.0695988 -0.0114595 -0.1083790 -0.2791875 -0.2805708 -0.2791131 -0.2762379 -0.2772606 -0.2770237 -0.2780199 -0.2778450 -0.2807915 -0.2796806 -0.2817658 -0.2821782 -0.2822000 -0.2820320 -0.2814449 -0.2830509 -0.2866527 -0.2829230
0.1422444 0.1505778 0.1528147 0.1396419 0.1548875 0.1511690 0.1540977 0.1561455 0.1907023 0.1990764 0.1902903 0.1953491 0.8948933 0.1916761 0.1448509 0.1494483 0.0317755 0.0604169 0.0653806 0.0589510 0.0498888 0.0755385 0.0598665 0.0553984 0.0671218 0.0621985 0.0723856 0.0572902 0.0588485 0.0543010 0.0645117 0.0530220 0.0683367 0.0578408 0.0482264 0.0706358 0.0612121 0.0610221 0.0706386 0.0639082 0.0572536 0.0437894 0.0480382 0.0560978 0.0670253 0.0607090 0.0509610 0.0249501 -0.0195613 0.0344582 0.0150224 0.0092021 0.0158309 0.0274871 0.0193285 0.0058097 -0.0071118 0.0077491 0.0344449 0.0169877 0.0362530 0.0204716 0.0199502 0.0302079 0.0174048 0.0319108 0.0041945 0.0270364 -0.0009575 0.0505074 0.0056903 -0.0102797 -0.0060436 0.0325817 0.0161886 0.0211325 0.0060713 -0.0158839 0.0119467 -0.0809676 -0.0899156 -0.0037562 -0.0005445 0.0162275 -0.0422289 -0.0099517 -0.1232768 -0.0068038 -0.0428347 -0.0342217 -0.0341351 0.0087355 -0.0744011 -0.0069129 -0.1092671 -0.2825729 -0.2856034 -0.2838878 -0.2786857 -0.2799144 -0.2800623 -0.2820390 -0.2826749 -0.2838046 -0.2849511 -0.2876679 -0.2860921 -0.2873757 -0.2881405 -0.2869332 -0.2865039 -0.2919465 -0.2871858
0.1408049 0.1456562 0.1498819 0.1405462 0.1527670 0.1501856 0.1558283 0.1577069 0.1851064 0.1839804 0.1868657 0.1903883 0.1916761 0.8974746 0.1449289 0.1431029 0.0373679 0.0620077 0.0684969 0.0585779 0.0509551 0.0774661 0.0593093 0.0581394 0.0681324 0.0568511 0.0660633 0.0562696 0.0577732 0.0507141 0.0605586 0.0494153 0.0623833 0.0569901 0.0493293 0.0694281 0.0599369 0.0574544 0.0670017 0.0656469 0.0550231 0.0435284 0.0487999 0.0528542 0.0657508 0.0588281 0.0475811 0.0298877 -0.0180237 0.0333236 0.0176788 0.0053020 0.0129104 0.0270164 0.0179153 0.0080492 -0.0090605 0.0065435 0.0315557 0.0163975 0.0304526 0.0156091 0.0145003 0.0335800 0.0162217 0.0288888 0.0036365 0.0312897 -0.0004702 0.0484763 0.0041526 -0.0146039 -0.0045033 0.0317712 0.0171143 0.0209281 0.0069295 -0.0158325 0.0101194 -0.0787161 -0.0880366 -0.0068214 0.0007113 0.0131954 -0.0420183 -0.0098369 -0.1216236 -0.0069538 -0.0420895 -0.0238593 -0.0240821 0.0113802 -0.0736247 -0.0020730 -0.1073513 -0.2779021 -0.2802461 -0.2788508 -0.2762901 -0.2766520 -0.2752652 -0.2780274 -0.2779036 -0.2794517 -0.2797835 -0.2822294 -0.2822643 -0.2808166 -0.2831712 -0.2824886 -0.2820176 -0.2853549 -0.2830692
0.1344471 0.1372446 0.1421213 0.1330289 0.1419796 0.1411741 0.1413624 0.1463501 0.1486859 0.1413472 0.1483773 0.1457490 0.1448509 0.1449289 0.8757323 0.1386566 0.0286416 0.0485984 0.0535288 0.0421069 0.0387699 0.0654271 0.0448884 0.0440806 0.0701003 0.0671064 0.0749948 0.0608514 0.0629853 0.0606769 0.0713312 0.0565255 0.0714078 0.0589266 0.0590185 0.0715011 0.0628789 0.0664549 0.0711648 0.0692843 0.0588849 0.0502211 0.0526908 0.0557841 0.0659098 0.0665992 0.0481444 0.0351556 -0.0141734 0.0374461 0.0234513 0.0103821 0.0175245 0.0361348 0.0274435 0.0084277 0.0016229 0.0159265 0.0403182 0.0245354 0.0394549 0.0262525 0.0229805 0.0349551 0.0228690 0.0361490 0.0152418 0.0365586 0.0096610 0.0551913 0.0159979 -0.0015258 0.0031237 0.0333237 0.0213459 0.0233118 0.0103024 -0.0122502 0.0156825 -0.0680632 -0.0781065 0.0089473 0.0141257 0.0224027 -0.0287340 -0.0013352 -0.1211730 0.0017914 -0.0345208 -0.0259361 -0.0259749 0.0139481 -0.0661744 0.0008380 -0.1005501 -0.2781050 -0.2829714 -0.2824500 -0.2787456 -0.2784587 -0.2767046 -0.2809998 -0.2809573 -0.2812462 -0.2843748 -0.2849223 -0.2848592 -0.2846703 -0.2848185 -0.2856274 -0.2851834 -0.2882992 -0.2859221
0.1366704 0.1413854 0.1442597 0.1361615 0.1474505 0.1462462 0.1487761 0.1492437 0.1539069 0.1485566 0.1502649 0.1557782 0.1494483 0.1431029 0.1386566 0.8780548 0.0257453 0.0508975 0.0541701 0.0483626 0.0399554 0.0626624 0.0469801 0.0468296 0.0737552 0.0716658 0.0767413 0.0620750 0.0660182 0.0625431 0.0733699 0.0639131 0.0780454 0.0588159 0.0591940 0.0768012 0.0632336 0.0668902 0.0726513 0.0684725 0.0629644 0.0535734 0.0569670 0.0532462 0.0665616 0.0690250 0.0543524 0.0301039 -0.0135049 0.0357220 0.0224683 0.0108947 0.0158067 0.0375343 0.0255997 0.0076147 -0.0003546 0.0150178 0.0396747 0.0248029 0.0433776 0.0283533 0.0268516 0.0356220 0.0227156 0.0403320 0.0153485 0.0323765 0.0080012 0.0557841 0.0181116 -0.0033254 0.0032051 0.0366826 0.0201669 0.0296710 0.0129640 -0.0144898 0.0155286 -0.0693337 -0.0793496 0.0093275 0.0090218 0.0194799 -0.0292894 -0.0016823 -0.1214865 0.0010938 -0.0357180 -0.0359993 -0.0367217 0.0146904 -0.0491073 -0.0016480 -0.1044129 -0.2833417 -0.2866326 -0.2853154 -0.2795564 -0.2823368 -0.2795981 -0.2829085 -0.2840739 -0.2856592 -0.2871011 -0.2888791 -0.2888155 -0.2886201 -0.2897701 -0.2893927 -0.2894168 -0.2923093 -0.2891980
0.0301378 0.0267820 0.0347404 0.0296363 0.0337888 0.0353273 0.0313458 0.0356561 0.0363889 0.0338689 0.0402046 0.0378076 0.0317755 0.0373679 0.0286416 0.0257453 0.9752915 0.0423330 0.0472414 0.0548652 0.0602214 0.0356253 0.0473714 0.0571443 -0.0100816 -0.0168522 -0.0125327 -0.0087991 -0.0179435 -0.0184004 -0.0204371 -0.0209988 -0.0248677 -0.0091110 -0.0123570 -0.0162555 -0.0138259 -0.0166365 -0.0173249 -0.0169998 0.0019937 -0.0080529 -0.0299382 -0.0119554 -0.0101317 -0.0054719 -0.0059574 -0.0503118 -0.0085252 -0.0270801 -0.0246657 -0.0026255 -0.0430635 -0.0051136 -0.0128103 -0.0166926 -0.0191567 -0.0238006 -0.0478208 -0.0216830 -0.0430844 -0.0545217 -0.0539187 -0.0310114 -0.0334653 -0.0133337 -0.0265146 -0.0487748 -0.0216814 -0.0193312 -0.0206075 -0.0102016 -0.0153821 -0.0155159 -0.0251975 -0.0198332 -0.0168263 -0.0341061 -0.0164460 -0.0133091 -0.0128526 -0.0189718 -0.0106184 -0.0218170 -0.0165762 -0.0246364 0.0027718 -0.0234090 -0.0185905 -0.0875364 -0.0878814 -0.0375790 -0.0038451 -0.0122186 -0.0151059 0.0115407 0.0115992 0.0122306 0.0137933 0.0118259 0.0119169 0.0124301 0.0139603 0.0128093 0.0135515 0.0121110 0.0109332 0.0119495 0.0111068 0.0115939 0.0128939 0.0043068 0.0107493
0.0526985 0.0562884 0.0553384 0.0527000 0.0622947 0.0566579 0.0579991 0.0589977 0.0609514 0.0597752 0.0662471 0.0655126 0.0604169 0.0620077 0.0485984 0.0508975 0.0423330 0.9517174 0.0675033 0.0658745 0.0571324 0.0625991 0.0609523 0.0569051 0.0005473 -0.0104848 -0.0029565 -0.0084488 -0.0049770 -0.0140163 -0.0099935 -0.0165439 -0.0078251 0.0059659 -0.0108782 -0.0072394 -0.0045770 -0.0048734 -0.0026278 -0.0065729 0.0034468 -0.0182214 -0.0088262 0.0010984 0.0074474 -0.0072554 -0.0088063 -0.0205683 -0.0163755 -0.0107888 -0.0086104 -0.0227355 -0.0192526 -0.0038134 -0.0244609 -0.0145491 -0.0242952 -0.0161204 -0.0302447 -0.0178233 -0.0351633 -0.0454357 -0.0461643 -0.0120835 -0.0185935 -0.0172317 -0.0261959 -0.0202069 -0.0318985 -0.0100437 -0.0249375 -0.0206442 -0.0169742 -0.0056533 -0.0160549 -0.0070971 -0.0202510 -0.0148523 -0.0082170 -0.0301524 -0.0372358 -0.0258902 -0.0134135 -0.0188672 -0.0236320 -0.0169174 -0.0263903 -0.0226563 -0.0241041 -0.0167413 -0.0161765 -0.0150539 -0.0166703 -0.0270723 -0.0251214 -0.0450389 -0.0479770 -0.0469785 -0.0428906 -0.0448118 -0.0449786 -0.0469021 -0.0461560 -0.0443762 -0.0440159 -0.0475975 -0.0487967 -0.0496157 -0.0482241 -0.0470330 -0.0477248 -0.0530119 -0.0461234
0.0550716 0.0596197 0.0645847 0.0574106 0.0654144 0.0633824 0.0654670 0.0701421 0.0662386 0.0629495 0.0744874 0.0706467 0.0653806 0.0684969 0.0535288 0.0541701 0.0472414 0.0675033 0.9676290 0.0719673 0.0713518 0.0738288 0.0652040 0.0651842 -0.0036761 -0.0064268 -0.0002935 -0.0103605 -0.0108338 -0.0180107 -0.0123464 -0.0214077 -0.0111250 0.0053182 -0.0177544 -0.0041000 -0.0083602 -0.0078806 -0.0040240 -0.0025067 -0.0007302 -0.0183551 -0.0144339 -0.0049547 0.0142671 -0.0076210 -0.0136398 -0.0188464 -0.0137537 -0.0074488 -0.0090789 -0.0250343 -0.0118473 -0.0080772 -0.0211304 -0.0092883 -0.0302164 -0.0216114 -0.0288490 -0.0157436 -0.0327231 -0.0390070 -0.0382608 -0.0077973 -0.0228061 -0.0233447 -0.0313753 -0.0169044 -0.0433600 -0.0119669 -0.0369703 -0.0357972 -0.0230762 -0.0056595 -0.0192980 -0.0169583 -0.0208007 -0.0208846 -0.0148277 -0.0333833 -0.0369680 -0.0389680 -0.0157518 -0.0282649 -0.0352342 -0.0260739 -0.0322021 -0.0249285 -0.0387505 -0.0096284 -0.0101373 -0.0195971 -0.0223377 -0.0306042 -0.0355777 -0.0429503 -0.0451330 -0.0457698 -0.0423478 -0.0415005 -0.0430804 -0.0436223 -0.0423814 -0.0448181 -0.0403211 -0.0445741 -0.0463929 -0.0441163 -0.0439757 -0.0457058 -0.0434725 -0.0467101 -0.0460687
0.0511280 0.0538574 0.0519752 0.0492709 0.0602035 0.0534227 0.0579349 0.0590440 0.0609475 0.0617730 0.0667776 0.0641809 0.0589510 0.0585779 0.0421069 0.0483626 0.0548652 0.0658745 0.0719673 1.0101207 0.0660854 0.0950145 0.0916499 0.0703086 -0.0225801 -0.0207747 -0.0191334 -0.0246149 -0.0271035 -0.0361069 -0.0335336 -0.0411309 -0.0227921 -0.0002451 -0.0255014 -0.0195154 -0.0132014 -0.0180420 -0.0137606 -0.0190285 -0.0179726 -0.0317501 -0.0278111 -0.0176383 -0.0027199 -0.0284826 -0.0329040 -0.0076084 -0.0185462 -0.0094056 -0.0013580 -0.0252390 0.0026221 -0.0232189 -0.0348123 -0.0339394 -0.0293247 -0.0179657 -0.0151140 -0.0145614 -0.0160509 -0.0161194 -0.0162141 -0.0211922 -0.0242422 -0.0489906 -0.0512961 -0.0078543 -0.0705572 -0.0222080 -0.0559007 -0.0524441 -0.0299627 -0.0011701 -0.0160216 -0.0317266 -0.0300300 -0.0181128 -0.0190870 -0.0436276 -0.0658060 -0.0568728 -0.0511702 -0.0252522 -0.0583738 -0.0385028 -0.0203310 -0.0243502 -0.0284512 0.0334780 0.0350332 -0.0268681 -0.0167758 -0.0648887 -0.0210460 -0.0136584 -0.0148912 -0.0150685 -0.0115517 -0.0096659 -0.0147762 -0.0144131 -0.0089745 -0.0106027 -0.0079924 -0.0100998 -0.0113108 -0.0089119 -0.0107192 -0.0083792 -0.0098323 -0.0125806 -0.0127928
0.0458751 0.0421946 0.0473163 0.0405262 0.0518589 0.0477620 0.0482066 0.0518438 0.0505697 0.0508710 0.0581825 0.0538297 0.0498888 0.0509551 0.0387699 0.0399554 0.0602214 0.0571324 0.0713518 0.0660854 1.0013648 0.0723728 0.0693113 0.0694954 -0.0197908 -0.0202613 -0.0122822 -0.0227825 -0.0258465 -0.0351032 -0.0252797 -0.0352634 -0.0305900 -0.0081239 -0.0284462 -0.0232144 -0.0280394 -0.0204007 -0.0204587 -0.0197100 -0.0071039 -0.0254826 -0.0320315 -0.0170800 -0.0071220 -0.0188604 -0.0224762 -0.0441857 -0.0146319 -0.0186558 -0.0231798 -0.0126012 -0.0234898 -0.0224554 -0.0369349 -0.0236463 -0.0329303 -0.0323515 -0.0463322 -0.0269057 -0.0448435 -0.0458360 -0.0478500 -0.0246833 -0.0356973 -0.0347578 -0.0404873 -0.0451137 -0.0475415 -0.0221417 -0.0372389 -0.0304645 -0.0259541 -0.0157324 -0.0257532 -0.0342198 -0.0264880 -0.0178076 -0.0256440 -0.0292656 -0.0344732 -0.0415563 -0.0314245 -0.0256682 -0.0380313 -0.0390271 -0.0004819 -0.0282730 -0.0231054 -0.0363668 -0.0369616 -0.0265260 -0.0058158 -0.0284961 -0.0204802 0.0100455 0.0123307 0.0126128 0.0143224 0.0137028 0.0117174 0.0116243 0.0140839 0.0129416 0.0150915 0.0116024 0.0117578 0.0136138 0.0110912 0.0137195 0.0127013 0.0068195 0.0126801
0.0710666 0.0697302 0.0726287 0.0674939 0.0793577 0.0713445 0.0732368 0.0786023 0.0742518 0.0740821 0.0818247 0.0807036 0.0755385 0.0774661 0.0654271 0.0626624 0.0356253 0.0625991 0.0738288 0.0950145 0.0723728 0.9949045 0.0841504 0.0808146 -0.0165248 -0.0064287 -0.0069361 -0.0093480 -0.0177779 -0.0274193 -0.0193186 -0.0304419 -0.0119278 0.0093316 -0.0161395 -0.0092563 -0.0092650 -0.0033759 -0.0064529 -0.0031811 -0.0070372 -0.0243586 -0.0133781 -0.0080155 0.0080964 -0.0177418 -0.0216094 -0.0001286 -0.0171882 -0.0065892 0.0064736 -0.0232593 0.0122813 -0.0202467 -0.0318421 -0.0255220 -0.0309870 -0.0119904 0.0018836 -0.0077380 -0.0061810 0.0011259 0.0005553 -0.0088891 -0.0261232 -0.0449916 -0.0531580 -0.0001735 -0.0656473 -0.0154425 -0.0572595 -0.0490052 -0.0277027 -0.0018872 -0.0139468 -0.0213305 -0.0209175 -0.0032016 0.0006973 -0.0519648 -0.0689795 -0.0549293 -0.0435122 -0.0168660 -0.0581617 -0.0330066 -0.0404005 -0.0251834 -0.0370862 0.0422847 0.0442704 -0.0233553 -0.0293501 -0.0524522 -0.0361705 -0.0569181 -0.0561770 -0.0592677 -0.0539933 -0.0541533 -0.0578836 -0.0538720 -0.0540683 -0.0562885 -0.0517658 -0.0540990 -0.0535513 -0.0517909 -0.0537398 -0.0510658 -0.0557094 -0.0567214 -0.0548195
0.0495225 0.0518010 0.0542899 0.0501694 0.0612806 0.0552949 0.0566496 0.0596235 0.0609187 0.0596204 0.0665473 0.0649046 0.0598665 0.0593093 0.0448884 0.0469801 0.0473714 0.0609523 0.0652040 0.0916499 0.0693113 0.0841504 0.9864680 0.0714658 -0.0187704 -0.0214544 -0.0180884 -0.0219304 -0.0240403 -0.0316041 -0.0235984 -0.0326155 -0.0230979 -0.0038506 -0.0253829 -0.0223912 -0.0207505 -0.0194927 -0.0186642 -0.0183182 -0.0060246 -0.0232348 -0.0270564 -0.0148229 -0.0075145 -0.0173950 -0.0255524 -0.0262791 -0.0258944 -0.0160552 -0.0072243 -0.0181857 -0.0152227 -0.0201082 -0.0360368 -0.0258942 -0.0359164 -0.0143019 -0.0179972 -0.0161677 -0.0224233 -0.0190022 -0.0182756 -0.0291166 -0.0368791 -0.0383489 -0.0515524 -0.0266604 -0.0608838 -0.0228047 -0.0554280 -0.0396380 -0.0331597 -0.0075347 -0.0249244 -0.0284807 -0.0243101 -0.0252991 -0.0157441 -0.0360799 -0.0538152 -0.0448331 -0.0394884 -0.0206934 -0.0455746 -0.0354302 -0.0193345 -0.0210698 -0.0279904 -0.0174425 -0.0168725 -0.0350612 -0.0161304 -0.0476469 -0.0220104 -0.0053224 -0.0033961 -0.0074432 -0.0001250 -0.0043184 -0.0028928 -0.0031356 -0.0016623 -0.0028852 0.0009408 -0.0036629 -0.0035920 -0.0009717 -0.0012356 -0.0000048 -0.0028143 -0.0066525 0.0004914
0.0538558 0.0487205 0.0526239 0.0513390 0.0585309 0.0535411 0.0506542 0.0532515 0.0563727 0.0583041 0.0615335 0.0590367 0.0553984 0.0581394 0.0440806 0.0468296 0.0571443 0.0569051 0.0651842 0.0703086 0.0694954 0.0808146 0.0714658 0.9721474 -0.0087438 -0.0046134 -0.0095925 -0.0089886 -0.0151363 -0.0222253 -0.0181113 -0.0212773 -0.0159238 0.0032195 -0.0201098 -0.0097909 -0.0088895 -0.0055547 -0.0048285 -0.0101042 -0.0004947 -0.0187846 -0.0185418 -0.0075791 0.0045020 -0.0096996 -0.0125048 -0.0205710 -0.0194010 -0.0105666 -0.0024499 -0.0125266 -0.0108012 -0.0146404 -0.0194906 -0.0208997 -0.0247746 -0.0178959 -0.0180020 -0.0205842 -0.0159915 -0.0188885 -0.0197721 -0.0187173 -0.0264293 -0.0338249 -0.0397081 -0.0198991 -0.0433133 -0.0098515 -0.0368864 -0.0284907 -0.0199239 -0.0094175 -0.0173935 -0.0174864 -0.0158168 -0.0112120 -0.0180472 -0.0377233 -0.0528584 -0.0415359 -0.0270599 -0.0206815 -0.0348202 -0.0322642 -0.0228328 -0.0277787 -0.0337495 0.0028044 0.0025237 -0.0260225 -0.0197871 -0.0366553 -0.0265796 -0.0347126 -0.0331103 -0.0363042 -0.0308144 -0.0306142 -0.0325707 -0.0310648 -0.0299342 -0.0310807 -0.0303060 -0.0324595 -0.0304579 -0.0341500 -0.0323573 -0.0307757 -0.0323848 -0.0354043 -0.0321389
0.0673337 0.0690386 0.0675774 0.0682636 0.0684531 0.0720809 0.0704110 0.0705765 0.0717940 0.0671005 0.0633893 0.0653552 0.0671218 0.0681324 0.0701003 0.0737552 -0.0100816 0.0005473 -0.0036761 -0.0225801 -0.0197908 -0.0165248 -0.0187704 -0.0087438 0.8482084 0.0786552 0.0841401 0.0938638 0.1054845 0.1190648 0.1197059 0.1029048 0.0851917 0.0565593 0.0708297 0.0864485 0.0735519 0.0707126 0.0724566 0.0795459 0.0587329 0.0616671 0.0694273 0.0604276 0.0634546 0.0752990 0.0633198 0.0405376 0.0005048 0.0371798 0.0182671 0.0270164 0.0161184 0.0467043 0.0428275 0.0294172 0.0226519 0.0228144 0.0435358 0.0324594 0.0375572 0.0219158 0.0214477 0.0510773 0.0446530 0.0716105 0.0552612 0.0428148 0.0660708 0.0707310 0.0578230 0.0312092 0.0200393 0.0376909 0.0351349 0.0447138 0.0274413 0.0016174 0.0203186 -0.0272362 -0.0365223 0.0462187 0.0450745 0.0422547 0.0073843 0.0266074 -0.1027430 0.0266675 -0.0069649 -0.0370412 -0.0394543 0.0392755 -0.0575880 0.0404060 -0.0826811 -0.2596644 -0.2657433 -0.2593435 -0.2596813 -0.2592604 -0.2577655 -0.2584580 -0.2631349 -0.2625428 -0.2688669 -0.2671565 -0.2673304 -0.2701447 -0.2704093 -0.2709296 -0.2673838 -0.2712182 -0.2694673
0.0641980 0.0660075 0.0648479 0.0633530 0.0628737 0.0671083 0.0662785 0.0669317 0.0631962 0.0617349 0.0580016 0.0585019 0.0621985 0.0568511 0.0671064 0.0716658 -0.0168522 -0.0104848 -0.0064268 -0.0207747 -0.0202613 -0.0064287 -0.0214544 -0.0046134 0.0786552 0.8560464 0.1116682 0.0705417 0.0848522 0.0784398 0.0872299 0.0817396 0.0856719 0.0568091 0.0657805 0.0857761 0.0704108 0.0695627 0.0735313 0.0783796 0.0567190 0.0661972 0.0655753 0.0513668 0.0552993 0.0747029 0.0630329 0.0507044 0.0000786 0.0465920 0.0306828 0.0224656 0.0358284 0.0484427 0.0525665 0.0175960 0.0277571 0.0304898 0.0698097 0.0429151 0.0822630 0.0687378 0.0677853 0.0517298 0.0444557 0.0557445 0.0390903 0.0510671 0.0436169 0.0668065 0.0430205 0.0230681 0.0243405 0.0424266 0.0451063 0.0403880 0.0335164 0.0026373 0.0296417 -0.0318854 -0.0414109 0.0468900 0.0320908 0.0475026 0.0045054 0.0320169 -0.1133081 0.0260203 -0.0117493 -0.0202619 -0.0206106 0.0367064 -0.0557599 0.0269203 -0.0779346 -0.2534584 -0.2604654 -0.2572728 -0.2541763 -0.2563237 -0.2532874 -0.2577513 -0.2588930 -0.2588168 -0.2632633 -0.2619453 -0.2629871 -0.2630491 -0.2620417 -0.2663491 -0.2634544 -0.2637038 -0.2641473
0.0678305 0.0714314 0.0727024 0.0699398 0.0708814 0.0728057 0.0727787 0.0718621 0.0713846 0.0673806 0.0653151 0.0680535 0.0723856 0.0660633 0.0749948 0.0767413 -0.0125327 -0.0029565 -0.0002935 -0.0191334 -0.0122822 -0.0069361 -0.0180884 -0.0095925 0.0841401 0.1116682 0.8508645 0.0774698 0.0815534 0.0887536 0.0871671 0.0890378 0.0817926 0.0565299 0.0672830 0.0807657 0.0751304 0.0681841 0.0733787 0.0782452 0.0595098 0.0653167 0.0678063 0.0581315 0.0587523 0.0725242 0.0657074 0.0456923 -0.0022476 0.0419100 0.0205542 0.0272733 0.0249222 0.0425824 0.0456790 0.0179702 0.0236852 0.0311045 0.0583853 0.0446007 0.0649352 0.0514978 0.0504322 0.0557024 0.0481467 0.0572698 0.0462541 0.0457844 0.0511697 0.0705894 0.0542349 0.0261125 0.0170386 0.0410125 0.0427126 0.0441231 0.0285412 -0.0006673 0.0264217 -0.0402703 -0.0427097 0.0483101 0.0363564 0.0414332 0.0092131 0.0280876 -0.1045481 0.0225085 -0.0108848 -0.0334568 -0.0350975 0.0345329 -0.0551542 0.0354225 -0.0776739 -0.2597230 -0.2655284 -0.2610660 -0.2578831 -0.2606715 -0.2567814 -0.2603340 -0.2613195 -0.2630650 -0.2665741 -0.2656080 -0.2680259 -0.2676731 -0.2681059 -0.2692116 -0.2667433 -0.2695627 -0.2678880
0.0526171 0.0562374 0.0595985 0.0583954 0.0552174 0.0579731 0.0589757 0.0574829 0.0593355 0.0571867 0.0543336 0.0554948 0.0572902 0.0562696 0.0608514 0.0620750 -0.0087991 -0.0084488 -0.0103605 -0.0246149 -0.0227825 -0.0093480 -0.0219304 -0.0089886 0.0938638 0.0705417 0.0774698 0.8623403 0.1071397 0.0911945 0.0890506 0.1030324 0.0686149 0.0505904 0.0599668 0.0788870 0.0713813 0.0638224 0.0674101 0.0615977 0.0636663 0.0674233 0.0642209 0.0503104 0.0522480 0.0775429 0.0725978 0.0439027 -0.0075608 0.0335939 0.0287138 0.0277721 0.0270537 0.0508312 0.0437810 0.0117930 0.0279123 0.0257228 0.0652257 0.0367078 0.0735826 0.0661272 0.0663097 0.0454590 0.0376701 0.0538863 0.0350254 0.0447127 0.0475483 0.0660542 0.0425280 0.0304187 0.0275183 0.0324706 0.0367194 0.0419585 0.0297636 -0.0037131 0.0203148 -0.0349279 -0.0377194 0.0449833 0.0328668 0.0411269 0.0014602 0.0254450 -0.0951902 0.0212579 -0.0195354 -0.0470466 -0.0484714 0.0221468 -0.0578773 0.0272587 -0.0773651 -0.2365397 -0.2417460 -0.2398268 -0.2351508 -0.2358477 -0.2335518 -0.2371614 -0.2395086 -0.2413080 -0.2465170 -0.2427393 -0.2442383 -0.2452433 -0.2437599 -0.2465880 -0.2436005 -0.2470913 -0.2466599
0.0565106 0.0599771 0.0586404 0.0589328 0.0567230 0.0611117 0.0595670 0.0586489 0.0594555 0.0564711 0.0552007 0.0554512 0.0588485 0.0577732 0.0629853 0.0660182 -0.0179435 -0.0049770 -0.0108338 -0.0271035 -0.0258465 -0.0177779 -0.0240403 -0.0151363 0.1054845 0.0848522 0.0815534 0.1071397 0.8569356 0.1011337 0.0956347 0.1103955 0.0753584 0.0542202 0.0633198 0.0790898 0.0689178 0.0692295 0.0725568 0.0699988 0.0594449 0.0582898 0.0649583 0.0530947 0.0525696 0.0715576 0.0613212 0.0463543 0.0076778 0.0375265 0.0279142 0.0176498 0.0292027 0.0498631 0.0464989 0.0182376 0.0268626 0.0324311 0.0638618 0.0386941 0.0744440 0.0626339 0.0619828 0.0531264 0.0423295 0.0607209 0.0442581 0.0459509 0.0494090 0.0681782 0.0479459 0.0301061 0.0223780 0.0395628 0.0397350 0.0417942 0.0308475 -0.0000583 0.0274682 -0.0310968 -0.0352981 0.0491745 0.0322296 0.0444907 0.0036975 0.0226195 -0.1021290 0.0197058 -0.0113534 -0.0327106 -0.0334544 0.0299831 -0.0574188 0.0303403 -0.0770424 -0.2446622 -0.2523560 -0.2482913 -0.2467433 -0.2473901 -0.2446758 -0.2478076 -0.2512111 -0.2509402 -0.2546249 -0.2552993 -0.2541255 -0.2559878 -0.2558380 -0.2570017 -0.2557034 -0.2568505 -0.2567942
0.0531099 0.0565708 0.0576939 0.0553652 0.0532707 0.0590255 0.0592657 0.0557488 0.0572642 0.0521523 0.0490967 0.0501475 0.0543010 0.0507141 0.0606769 0.0625431 -0.0184004 -0.0140163 -0.0180107 -0.0361069 -0.0351032 -0.0274193 -0.0316041 -0.0222253 0.1190648 0.0784398 0.0887536 0.0911945 0.1011337 0.8569713 0.1195429 0.1031663 0.0773435 0.0566973 0.0712704 0.0841956 0.0764660 0.0807504 0.0726993 0.0787378 0.0591398 0.0677343 0.0757070 0.0598233 0.0614883 0.0765102 0.0693053 0.0569075 0.0042528 0.0388216 0.0223286 0.0291778 0.0268266 0.0497254 0.0581410 0.0232957 0.0256169 0.0298614 0.0565028 0.0371814 0.0653449 0.0522687 0.0527036 0.0584630 0.0468491 0.0700811 0.0549024 0.0580192 0.0677133 0.0773570 0.0606025 0.0334039 0.0295489 0.0370563 0.0371922 0.0543919 0.0295079 0.0034905 0.0274634 -0.0282090 -0.0297161 0.0581185 0.0446675 0.0452334 0.0139644 0.0352964 -0.1053315 0.0286840 -0.0087474 -0.0326094 -0.0339867 0.0386018 -0.0549029 0.0407175 -0.0790495 -0.2560204 -0.2640286 -0.2583466 -0.2573183 -0.2579157 -0.2547423 -0.2575938 -0.2605051 -0.2603869 -0.2661647 -0.2649097 -0.2653872 -0.2652808 -0.2676212 -0.2669323 -0.2665397 -0.2681730 -0.2677518
0.0648072 0.0672791 0.0695214 0.0655623 0.0667577 0.0655830 0.0679780 0.0672775 0.0662022 0.0622265 0.0608919 0.0614276 0.0645117 0.0605586 0.0713312 0.0733699 -0.0204371 -0.0099935 -0.0123464 -0.0335336 -0.0252797 -0.0193186 -0.0235984 -0.0181113 0.1197059 0.0872299 0.0871671 0.0890506 0.0956347 0.1195429 0.8539699 0.1022736 0.0876696 0.0617484 0.0737294 0.0923259 0.0817205 0.0826104 0.0827756 0.0846646 0.0659184 0.0675553 0.0789132 0.0627503 0.0647673 0.0856074 0.0698538 0.0590183 -0.0021297 0.0502112 0.0277726 0.0349664 0.0324840 0.0519418 0.0589174 0.0284685 0.0237209 0.0288375 0.0661227 0.0387707 0.0590192 0.0443558 0.0442019 0.0546781 0.0522255 0.0707388 0.0568275 0.0600263 0.0654726 0.0838901 0.0593204 0.0290860 0.0278482 0.0457688 0.0455917 0.0459182 0.0311801 0.0030894 0.0275585 -0.0301624 -0.0378328 0.0527511 0.0441570 0.0484355 0.0093593 0.0326376 -0.1103675 0.0309352 -0.0077822 -0.0212998 -0.0221522 0.0432833 -0.0643046 0.0500156 -0.0854879 -0.2761257 -0.2829783 -0.2760948 -0.2762030 -0.2763509 -0.2731255 -0.2773191 -0.2793315 -0.2808437 -0.2848153 -0.2842607 -0.2842642 -0.2848288 -0.2861070 -0.2858679 -0.2864212 -0.2865579 -0.2855523
0.0499987 0.0555059 0.0533733 0.0527267 0.0508864 0.0536496 0.0544674 0.0537458 0.0561006 0.0508433 0.0455152 0.0491698 0.0530220 0.0494153 0.0565255 0.0639131 -0.0209988 -0.0165439 -0.0214077 -0.0411309 -0.0352634 -0.0304419 -0.0326155 -0.0212773 0.1029048 0.0817396 0.0890378 0.1030324 0.1103955 0.1031663 0.1022736 0.8604298 0.0823596 0.0514205 0.0639196 0.0876848 0.0738418 0.0674815 0.0737726 0.0694962 0.0600000 0.0700963 0.0642759 0.0535809 0.0537452 0.0813618 0.0709290 0.0366949 -0.0033382 0.0371338 0.0178919 0.0361906 0.0153541 0.0565252 0.0539529 0.0244155 0.0279007 0.0336854 0.0562397 0.0448317 0.0691886 0.0621712 0.0621942 0.0441136 0.0386858 0.0667999 0.0572540 0.0379014 0.0638945 0.0731699 0.0658205 0.0405156 0.0272823 0.0331466 0.0356722 0.0541616 0.0372456 -0.0033011 0.0229372 -0.0240122 -0.0267903 0.0590834 0.0382794 0.0451477 0.0135231 0.0318767 -0.0916895 0.0206139 -0.0069212 -0.0756935 -0.0767103 0.0283517 -0.0465124 0.0489851 -0.0754264 -0.2429027 -0.2481759 -0.2427015 -0.2425226 -0.2422628 -0.2400923 -0.2434290 -0.2458864 -0.2461379 -0.2500960 -0.2492879 -0.2515086 -0.2523863 -0.2533249 -0.2533495 -0.2524615 -0.2537270 -0.2521267
0.0668206 0.0666586 0.0688646 0.0679308 0.0663291 0.0699973 0.0706884 0.0705208 0.0680355 0.0662230 0.0618245 0.0638117 0.0683367 0.0623833 0.0714078 0.0780454 -0.0248677 -0.0078251 -0.0111250 -0.0227921 -0.0305900 -0.0119278 -0.0230979 -0.0159238 0.0851917 0.0856719 0.0817926 0.0686149 0.0753584 0.0773435 0.0876696 0.0823596 0.8539389 0.0635862 0.0787739 0.0976069 0.0782830 0.0873795 0.0912094 0.0902166 0.0609765 0.0702118 0.0815722 0.0637979 0.0659745 0.0726320 0.0642101 0.0722498 0.0045450 0.0596295 0.0366678 0.0241232 0.0415132 0.0494189 0.0544762 0.0267310 0.0298274 0.0333262 0.0767293 0.0417272 0.0740264 0.0634897 0.0620901 0.0654046 0.0581097 0.0659311 0.0542235 0.0709256 0.0555816 0.0764454 0.0537157 0.0267280 0.0243479 0.0516953 0.0481056 0.0460282 0.0350317 0.0117244 0.0306272 -0.0326117 -0.0402733 0.0468391 0.0388984 0.0478678 0.0071692 0.0373653 -0.1189219 0.0359783 -0.0047418 0.0051741 0.0045453 0.0435821 -0.0663094 0.0313738 -0.0738599 -0.2813684 -0.2842991 -0.2822441 -0.2814194 -0.2806948 -0.2782671 -0.2806056 -0.2844741 -0.2849557 -0.2902419 -0.2886538 -0.2896151 -0.2896161 -0.2906757 -0.2911454 -0.2885823 -0.2893242 -0.2904058
0.0572115 0.0590520 0.0593641 0.0579870 0.0585845 0.0578616 0.0607697 0.0601791 0.0583009 0.0566467 0.0555320 0.0565174 0.0578408 0.0569901 0.0589266 0.0588159 -0.0091110 0.0059659 0.0053182 -0.0002451 -0.0081239 0.0093316 -0.0038506 0.0032195 0.0565593 0.0568091 0.0565299 0.0505904 0.0542202 0.0566973 0.0617484 0.0514205 0.0635862 0.9267569 0.0515621 0.0616628 0.0556886 0.0572778 0.0597782 0.0585670 0.0420599 0.0425145 0.0567176 0.0445867 0.0481517 0.0497922 0.0445934 0.0568869 0.0069373 0.0430401 0.0307289 0.0133902 0.0360797 0.0313478 0.0371757 0.0192768 0.0192891 0.0225597 0.0493071 0.0290920 0.0474911 0.0390371 0.0385083 0.0489329 0.0433461 0.0422370 0.0336563 0.0576530 0.0340442 0.0524576 0.0341001 0.0123824 0.0188067 0.0369882 0.0356697 0.0286872 0.0213895 0.0139026 0.0245018 -0.0272409 -0.0334403 0.0259775 0.0263067 0.0327395 0.0030481 0.0210206 -0.0854055 0.0244814 -0.0034681 0.0399190 0.0393773 0.0355011 -0.0470443 0.0223657 -0.0551986 -0.1992400 -0.2035603 -0.2008903 -0.1996724 -0.1988662 -0.1972031 -0.1992005 -0.2015048 -0.2029143 -0.2065052 -0.2053070 -0.2065902 -0.2061779 -0.2071488 -0.2082936 -0.2068257 -0.2080714 -0.2071499
