0.8778701 0.1782075 0.1445975 0.1654232 0.1497917 0.1437207 0.1478328 0.1533623 0.1473667 0.1441014 0.1453738 0.1525794 0.1425818 0.1412098 0.1347805 0.1369582 0.0306788 0.0530377 0.0549961 0.0504941 0.0458007 0.0702556 0.0487056 0.0532907 0.0687374 0.0641494 0.0682507 0.0525724 0.0566674 0.0537944 0.0655252 0.0504315 0.0672637 0.0565350 0.0527416 0.0693062 0.0610191 0.0605402 0.0688548 0.0633823 0.0522427 0.0442719 0.0496459 0.0491206 0.0642086 0.0580592 0.0481910 0.0361018 -0.0136232 0.0361053 0.0189242 0.0069555 0.0166821 0.0305214 0.0194066 0.0086321 -0.0024697 0.0072144 0.0378171 0.0199572 0.0376629 0.0203060 0.0188264 0.0396352 0.0174015 0.0357000 0.0080989 0.0371629 0.0044193 0.0517391 0.0113900 -0.0093066 -0.0020861 0.0337172 0.0175595 0.0185674 0.0113993 -0.0103857 0.0115000 -0.0712442 -0.0816250 -0.0006425 0.0050958 0.0174713 -0.0325446 -0.0077132 -0.1229172 -0.0001540 -0.0357863 -0.0162785 -0.0165816 0.0130310 -0.0679458 -0.0028874 -0.1036804 -0.2738694 -0.2769134 -0.2759402 -0.2737657 -0.2734070 -0.2726718 -0.2731353 -0.2741884 -0.2756030 -0.2773263 -0.2795446 -0.2783829 -0.2783163 -0.2792857 -0.2797053 -0.2784793 -0.2821011 -0.2780633
0.1782075 0.8849310 0.1474357 0.1749841 0.1516135 0.1503043 0.1528546 0.1554609 0.1500054 0.1480722 0.1512236 0.1543768 0.1511033 0.1462345 0.1377237 0.1418193 0.0275791 0.0568299 0.0597457 0.0534173 0.0423499 0.0691190 0.0511761 0.0483520 0.0705648 0.0659070 0.0718651 0.0561218 0.0601135 0.0573113 0.0680500 0.0559187 0.0670313 0.0583314 0.0533062 0.0713888 0.0619898 0.0643144 0.0723444 0.0671799 0.0560262 0.0464702 0.0506761 0.0533604 0.0655295 0.0608779 0.0458188 0.0326723 -0.0147125 0.0406847 0.0190220 0.0069695 0.0172755 0.0302049 0.0204658 0.0085380 -0.0044451 0.0091480 0.0400111 0.0222026 0.0376097 0.0239561 0.0228214 0.0398666 0.0207989 0.0373627 0.0119819 0.0343723 0.0043089 0.0533732 0.0122877 -0.0090718 -0.0016487 0.0334188 0.0185517 0.0245213 0.0097199 -0.0125727 0.0140027 -0.0751875 -0.0830009 -0.0001613 0.0051637 0.0160266 -0.0361228 -0.0059599 -0.1253767 0.0027231 -0.0376969 -0.0215286 -0.0229657 0.0143126 -0.0706096 0.0009636 -0.1050483 -0.2822362 -0.2862073 -0.2838864 -0.2817844 -0.2823285 -0.2823870 -0.2813948 -0.2857251 -0.2850038 -0.2867061 -0.2863873 -0.2888992 -0.2867332 -0.2880021 -0.2874400 -0.2876089 -0.2912094 -0.2872512
0.1445975 0.1474357 0.8803757 0.1441320 0.1895185 0.1829196 0.2009328 0.1907900 0.1539932 0.1527850 0.1541166 0.1570486 0.1532393 0.1503522 0.1425200 0.1445996 0.0352703 0.0556862 0.0645841 0.0517756 0.0473240 0.0723336 0.0537554 0.0523051 0.0688368 0.0648289 0.0730529 0.0595580 0.0587810 0.0582327 0.0701359 0.0537268 0.0692499 0.0586127 0.0554067 0.0747042 0.0659208 0.0611150 0.0714009 0.0692721 0.0602145 0.0495311 0.0487639 0.0505959 0.0687423 0.0650576 0.0483940 0.0317107 -0.0186962 0.0347782 0.0217253 0.0057911 0.0174599 0.0304971 0.0195129 0.0080626 -0.0020606 0.0067315 0.0352910 0.0203029 0.0370998 0.0203785 0.0203178 0.0340151 0.0146760 0.0305691 0.0077699 0.0328228 0.0021642 0.0496380 0.0101986 -0.0087127 -0.0029134 0.0347833 0.0202051 0.0206567 0.0088972 -0.0149300 0.0126679 -0.0789893 -0.0903377 -0.0003628 0.0066150 0.0153786 -0.0374095 -0.0063176 -0.1246786 -0.0065574 -0.0405058 -0.0232064 -0.0240690 0.0113853 -0.0730964 -0.0027941 -0.1099834 -0.2847955 -0.2888888 -0.2876090 -0.2834366 -0.2834292 -0.2829304 -0.2845340 -0.2852617 -0.2876874 -0.2892447 -0.2899636 -0.2908692 -0.2896924 -0.2900370 -0.2909232 -0.2900987 -0.2940091 -0.2912776
0.1654232 0.1749841 0.1441320 0.8858806 0.1447506 0.1442632 0.1442858 0.1504868 0.1456512 0.1400608 0.1457883 0.1468243 0.1400859 0.1410209 0.1334551 0.1365580 0.0304532 0.0530984 0.0573817 0.0484672 0.0405136 0.0664088 0.0492228 0.0507058 0.0699743 0.0633900 0.0704966 0.0584575 0.0592372 0.0562438 0.0665054 0.0534015 0.0684044 0.0572720 0.0544896 0.0688813 0.0621312 0.0646777 0.0699738 0.0662494 0.0552547 0.0473686 0.0549640 0.0533940 0.0673708 0.0603258 0.0467078 0.0360245 -0.0127398 0.0389575 0.0233798 0.0060032 0.0180107 0.0308047 0.0235802 0.0087837 -0.0007915 0.0108412 0.0393943 0.0237798 0.0361005 0.0217437 0.0218361 0.0407580 0.0221452 0.0338148 0.0085744 0.0383160 0.0050450 0.0541410 0.0125127 -0.0057519 -0.0021095 0.0344165 0.0208163 0.0208472 0.0106301 -0.0094011 0.0135463 -0.0725251 -0.0814126 0.0010541 0.0099895 0.0192075 -0.0340132 -0.0070193 -0.1241160 0.0009768 -0.0367383 -0.0159066 -0.0157517 0.0164697 -0.0692932 -0.0002383 -0.1018814 -0.2767757 -0.2796608 -0.2771352 -0.2748771 -0.2765459 -0.2748238 -0.2757269 -0.2778290 -0.2785875 -0.2814580 -0.2810704 -0.2818232 -0.2814431 -0.2812483 -0.2812189 -0.2803167 -0.2851935 -0.2798017
0.1497917 0.1516135 0.1895185 0.1447506 0.8930515 0.1977410 0.2030709 0.2006147 0.1566529 0.1546142 0.1570944 0.1610961 0.1552145 0.1531682 0.1423626 0.1477688 0.0345557 0.0626876 0.0652994 0.0592206 0.0517481 0.0782318 0.0601233 0.0577242 0.0703055 0.0628483 0.0714529 0.0552097 0.0569857 0.0542674 0.0677685 0.0514832 0.0668869 0.0579131 0.0499699 0.0718561 0.0609911 0.0615101 0.0724342 0.0650357 0.0610384 0.0467040 0.0467903 0.0514652 0.0679251 0.0598444 0.0477749 0.0273901 -0.0163470 0.0358499 0.0179626 0.0079544 0.0138748 0.0299562 0.0165104 0.0061084 -0.0056647 0.0057295 0.0332182 0.0136766 0.0340327 0.0201652 0.0166997 0.0347816 0.0177091 0.0328035 0.0054893 0.0282724 0.0000323 0.0533268 0.0070867 -0.0134226 -0.0066489 0.0336152 0.0184166 0.0199783 0.0064425 -0.0165647 0.0109287 -0.0800195 -0.0923986 -0.0036496 0.0019465 0.0127597 -0.0375650 -0.0080558 -0.1250097 -0.0061671 -0.0399231 -0.0220330 -0.0225123 0.0116661 -0.0723228 -0.0083747 -0.1066600 -0.2832479 -0.2853692 -0.2835524 -0.2802764 -0.2812349 -0.2803439 -0.2814811 -0.2820759 -0.2826658 -0.2851902 -0.2876800 -0.2875244 -0.2867844 -0.2877470 -0.2870138 -0.2866023 -0.2916317 -0.2863632
0.1437207 0.1503043 0.1829196 0.1442632 0.1977410 0.8881384 0.1956763 0.1937929 0.1541121 0.1525468 0.1546441 0.1603544 0.1515999 0.1506393 0.1414973 0.1465458 0.0354615 0.0569459 0.0635344 0.0541607 0.0477685 0.0720501 0.0553685 0.0536551 0.0726711 0.0670303 0.0728824 0.0578203 0.0610998 0.0591491 0.0657857 0.0535098 0.0702487 0.0571573 0.0501467 0.0704425 0.0588605 0.0575292 0.0662950 0.0657723 0.0601780 0.0482594 0.0501566 0.0500190 0.0677826 0.0616263 0.0491184 0.0257256 -0.0178974 0.0326011 0.0150044 0.0091913 0.0135267 0.0314060 0.0164112 0.0083068 -0.0080293 0.0055737 0.0337766 0.0172474 0.0373346 0.0209535 0.0200521 0.0358670 0.0158989 0.0342615 0.0059231 0.0267589 0.0038835 0.0531615 0.0063034 -0.0110539 -0.0057265 0.0327647 0.0178633 0.0208933 0.0096814 -0.0191696 0.0124568 -0.0784234 -0.0915970 -0.0002147 0.0059174 0.0158631 -0.0387060 -0.0037469 -0.1238349 -0.0068265 -0.0399502 -0.0334865 -0.0349951 0.0102691 -0.0699564 -0.0078304 -0.1059402 -0.2821057 -0.2839876 -0.2841378 -0.2803716 -0.2805970 -0.2797918 -0.2812514 -0.2831374 -0.2821311 -0.2868784 -0.2860772 -0.2865354 -0.2873968 -0.2879584 -0.2860177 -0.2852547 -0.2889542 -0.2876804
0.1478328 0.1528546 0.2009328 0.1442858 0.2030709 0.1956763 0.8867260 0.2075693 0.1568603 0.1559066 0.1582681 0.1633041 0.1546171 0.1564029 0.1417525 0.1491259 0.0315348 0.0583480 0.0655874 0.0582670 0.0482279 0.0734482 0.0562959 0.0505085 0.0712247 0.0661475 0.0728745 0.0587380 0.0594465 0.0594888 0.0682562 0.0543364 0.0710180 0.0600575 0.0549453 0.0737448 0.0607451 0.0631633 0.0727939 0.0716506 0.0603047 0.0462214 0.0504384 0.0521403 0.0674086 0.0602866 0.0482259 0.0304481 -0.0160655 0.0360497 0.0194587 0.0061482 0.0155854 0.0311764 0.0159306 0.0084931 -0.0029429 0.0054890 0.0337972 0.0128832 0.0339012 0.0211881 0.0188381 0.0388164 0.0207649 0.0362574 0.0097331 0.0323697 0.0026056 0.0556906 0.0085270 -0.0116889 -0.0052309 0.0347611 0.0200345 0.0214024 0.0082743 -0.0142043 0.0119151 -0.0795026 -0.0913915 -0.0020913 0.0065043 0.0133331 -0.0375284 -0.0059644 -0.1301588 -0.0064122 -0.0399823 -0.0191363 -0.0202932 0.0110506 -0.0748648 -0.0078172 -0.1111821 -0.2911675 -0.2951835 -0.2928667 -0.2911629 -0.2910480 -0.2886440 -0.2919791 -0.2931675 -0.2928830 -0.2961312 -0.2961047 -0.2981875 -0.2955544 -0.2976656 -0.2966666 -0.2971671 -0.2973487 -0.2965709
0.1533623 0.1554609 0.1907900 0.1504868 0.2006147 0.1937929 0.2075693 0.8954380 0.1616446 0.1568463 0.1614799 0.1684101 0.1568057 0.1583944 0.1467833 0.1496335 0.0357007 0.0593714 0.0703998 0.0600128 0.0519766 0.0795228 0.0597766 0.0534581 0.0708616 0.0667355 0.0716913 0.0570227 0.0583289 0.0555189 0.0670989 0.0531555 0.0707418 0.0594449 0.0525413 0.0733114 0.0618337 0.0626860 0.0720506 0.0684654 0.0610635 0.0458244 0.0501438 0.0529424 0.0661712 0.0623683 0.0466875 0.0299493 -0.0172437 0.0359383 0.0160736 0.0099861 0.0140177 0.0316107 0.0182907 0.0069949 -0.0051719 0.0024077 0.0305587 0.0161781 0.0346185 0.0181381 0.0165304 0.0345065 0.0169286 0.0343408 0.0058173 0.0305983 0.0025530 0.0526628 0.0078738 -0.0111135 -0.0058334 0.0363782 0.0179202 0.0209240 0.0084739 -0.0163588 0.0117700 -0.0801375 -0.0924137 -0.0043531 0.0054409 0.0143677 -0.0358622 -0.0076187 -0.1278563 -0.0030180 -0.0410237 -0.0217377 -0.0228984 0.0115742 -0.0732544 -0.0055948 -0.1077299 -0.2892331 -0.2921330 -0.2901770 -0.2872066 -0.2884362 -0.2873963 -0.2887235 -0.2905806 -0.2912190 -0.2930642 -0.2944672 -0.2937307 -0.2942191 -0.2943338 -0.2944546 -0.2932630 -0.2973825 -0.2938120
0.1473667 0.1500054 0.1539932 0.1456512 0.1566529 0.1541121 0.1568603 0.1616446 0.8957927 0.1884013 0.1976249 0.1947112 0.1913644 0.1857968 0.1491274 0.1542831 0.0362365 0.0613435 0.0666147 0.0626128 0.0507518 0.0760357 0.0615009 0.0569200 0.0717467 0.0629733 0.0711561 0.0588704 0.0590747 0.0568689 0.0658602 0.0553420 0.0681465 0.0576287 0.0502516 0.0707593 0.0603253 0.0601710 0.0677569 0.0656277 0.0595629 0.0423139 0.0463202 0.0557326 0.0699409 0.0618206 0.0513147 0.0280580 -0.0183012 0.0339395 0.0195335 0.0029695 0.0114596 0.0310816 0.0217739 0.0074990 -0.0070244 0.0083065 0.0320619 0.0178109 0.0338372 0.0199518 0.0198001 0.0328857 0.0143481 0.0352683 0.0067668 0.0293143 0.0013053 0.0537374 0.0080569 -0.0102694 -0.0009187 0.0318964 0.0163456 0.0191366 0.0037939 -0.0168339 0.0120096 -0.0794657 -0.0873807 -0.0009726 -0.0008553 0.0167432 -0.0407815 -0.0094223 -0.1211168 -0.0031051 -0.0416809 -0.0364978 -0.0363765 0.0114659 -0.0733073 -0.0056448 -0.1089595 -0.2851188 -0.2873232 -0.2847317 -0.2824331 -0.2825948 -0.2827368 -0.2839397 -0.2853569 -0.2861324 -0.2874910 -0.2892769 -0.2877738 -0.2887393 -0.2893705 -0.2879512 -0.2894149 -0.2941437 -0.2881827
0.1441014 0.1480722 0.1527850 0.1400608 0.1546142 0.1525468 0.1559066 0.1568463 0.1884013 0.8909447 0.1858667 0.1915967 0.1996977 0.1846444 0.1417800 0.1489402 0.0340791 0.0601641 0.0631695 0.0625522 0.0509922 0.0747196 0.0596271 0.0584081 0.0677451 0.0615777 0.0674154 0.0568857 0.0562937 0.0521670 0.0623503 0.0504921 0.0664583 0.0559441 0.0503380 0.0699843 0.0557306 0.0572272 0.0687487 0.0655353 0.0550614 0.0422494 0.0461453 0.0542941 0.0662101 0.0571796 0.0460507 0.0286578 -0.0197218 0.0341831 0.0175277 0.0075097 0.0129196 0.0318083 0.0150040 0.0076381 -0.0069940 0.0045302 0.0303325 0.0158760 0.0317687 0.0169823 0.0145427 0.0307390 0.0159522 0.0323896 0.0042916 0.0292332 -0.0010217 0.0480875 0.0047745 -0.0115536 -0.0032274 0.0297930 0.0142768 0.0179963 0.0039866 -0.0163729 0.0110262 -0.0769074 -0.0897480 -0.0037568 0.0014848 0.0147542 -0.0415396 -0.0079385 -0.1212099 -0.0075101 -0.0412461 -0.0296219 -0.0289539 0.0097976 -0.0711097 -0.0088612 -0.1043350 -0.2779101 -0.2794167 -0.2796874 -0.2746985 -0.2749895 -0.2740745 -0.2770489 -0.2766844 -0.2783318 -0.2799910 -0.2818086 -0.2815464 -0.2801752 -0.2815089 -0.2813507 -0.2808202 -0.2844353 -0.2814552
0.1453738 0.1512236 0.1541166 0.1457883 0.1570944 0.1546441 0.1582681 0.1614799 0.1976249 0.1858667 0.9150822 0.2036301 0.1909812 0.1875814 0.1488702 0.1506932 0.0405017 0.0666849 0.0746693 0.0672239 0.0582405 0.0823117 0.0663203 0.0614006 0.0641449 0.0578405 0.0653894 0.0539780 0.0550472 0.0491659 0.0609640 0.0452070 0.0621699 0.0548527 0.0469905 0.0668528 0.0569466 0.0564007 0.0660716 0.0608883 0.0555233 0.0403451 0.0446438 0.0519244 0.0660601 0.0566593 0.0434863 0.0249249 -0.0181220 0.0311307 0.0187141 0.0023448 0.0114426 0.0260000 0.0148723 0.0057730 -0.0096682 0.0054021 0.0288277 0.0162464 0.0252230 0.0099633 0.0090278 0.0308511 0.0116925 0.0297144 0.0022354 0.0260317 -0.0047162 0.0447361 0.0016533 -0.0162250 -0.0054421 0.0298054 0.0149531 0.0148173 0.0018596 -0.0154007 0.0062812 -0.0781619 -0.0897214 -0.0088144 0.0009024 0.0106302 -0.0438600 -0.0143719 -0.1192520 -0.0069847 -0.0443296 -0.0250719 -0.0247448 0.0109103 -0.0726142 -0.0077871 -0.1059860 -0.2713659 -0.2747253 -0.2733384 -0.2690152 -0.2705628 -0.2703315 -0.2712129 -0.2724021 -0.2725647 -0.2727679 -0.2759579 -0.2759544 -0.2756064 -0.2772495 -0.2753988 -0.2779332 -0.2817184 -0.2757996
0.1525794 0.1543768 0.1570486 0.1468243 0.1610961 0.1603544 0.1633041 0.1684101 0.1947112 0.1915967 0.2036301 0.9086354 0.1960960 0.1911429 0.1462424 0.1562313 0.0377291 0.0659436 0.0709722 0.0655655 0.0539939 0.0820262 0.0652178 0.0593590 0.0654838 0.0582733 0.0678499 0.0550121 0.0551461 0.0498383 0.0612257 0.0484008 0.0640128 0.0558371 0.0517492 0.0708641 0.0586168 0.0561119 0.0673931 0.0623000 0.0580881 0.0409164 0.0475296 0.0517517 0.0684488 0.0563643 0.0472926 0.0244932 -0.0217643 0.0307124 0.0168331 0.0038608 0.0132794 0.0306150 0.0152194 0.0039809 -0.0085176 0.0088042 0.0286191 0.0135344 0.0266414 0.0122882 0.0114335 0.0296556 0.0134135 0.0297308 0.0041911 0.0260111 -0.0032019 0.0496170 0.0054748 -0.0156620 -0.0051897 0.0277243 0.0121280 0.0176721 0.0026455 -0.0198288 0.0097203 -0.0778414 -0.0904883 -0.0074731 -0.0001247 0.0095729 -0.0461169 -0.0120970 -0.1192085 -0.0088265 -0.0438469 -0.0300213 -0.0305023 0.0064890 -0.0702285 -0.0122383 -0.1084071 -0.2793170 -0.2806645 -0.2793175 -0.2764167 -0.2773717 -0.2772687 -0.2780959 -0.2779182 -0.2809863 -0.2797416 -0.2818851 -0.2823229 -0.2822452 -0.2821601 -0.2815759 -0.2831406 -0.2866916 -0.2830392
0.1425818 0.1511033 0.1532393 0.1400859 0.1552145 0.1515999 0.1546171 0.1568057 0.1913644 0.1996977 0.1909812 0.1960960 0.8971541 0.1922666 0.1453015 0.1498410 0.0321167 0.0608705 0.0655789 0.0594861 0.0500115 0.0760251 0.0597307 0.0554337 0.0679416 0.0620674 0.0724987 0.0570243 0.0587702 0.0545059 0.0647986 0.0529121 0.0686224 0.0571411 0.0485767 0.0707066 0.0612266 0.0612274 0.0708624 0.0641511 0.0569901 0.0431925 0.0484364 0.0567425 0.0672199 0.0603663 0.0508293 0.0255872 -0.0190448 0.0349713 0.0149924 0.0091298 0.0161680 0.0276341 0.0191744 0.0061409 -0.0072687 0.0075772 0.0345652 0.0165011 0.0357902 0.0184024 0.0177292 0.0306357 0.0180284 0.0340092 0.0043384 0.0276830 -0.0004026 0.0507218 0.0065147 -0.0102281 -0.0058258 0.0327230 0.0161892 0.0208966 0.0057291 -0.0154306 0.0118425 -0.0806141 -0.0900563 -0.0042425 -0.0000525 0.0159263 -0.0422711 -0.0099328 -0.1233169 -0.0065278 -0.0423660 -0.0332512 -0.0331962 0.0098256 -0.0745596 -0.0064133 -0.1090451 -0.2826595 -0.2857079 -0.2839991 -0.2788114 -0.2799584 -0.2802584 -0.2821360 -0.2827240 -0.2839227 -0.2850503 -0.2877636 -0.2862510 -0.2875390 -0.2883155 -0.2871145 -0.2866376 -0.2920086 -0.2873839
0.1412098 0.1462345 0.1503522 0.1410209 0.1531682 0.1506393 0.1564029 0.1583944 0.1857968 0.1846444 0.1875814 0.1911429 0.1922666 0.9000909 0.1453436 0.1434672 0.0374970 0.0624167 0.0687016 0.0590720 0.0510504 0.0780343 0.0591500 0.0581266 0.0686622 0.0566421 0.0660290 0.0558709 0.0575176 0.0506951 0.0606118 0.0490135 0.0626222 0.0563090 0.0496308 0.0694333 0.0598957 0.0575622 0.0672496 0.0658609 0.0545869 0.0427934 0.0491830 0.0534263 0.0659894 0.0582027 0.0471960 0.0306533 -0.0175075 0.0339184 0.0177629 0.0050525 0.0134408 0.0269200 0.0176332 0.0082114 -0.0091489 0.0064085 0.0326042 0.0160854 0.0312079 0.0141602 0.0134510 0.0341208 0.0168637 0.0309274 0.0037938 0.0320726 -0.0001014 0.0485452 0.0047226 -0.0149654 -0.0043995 0.0318552 0.0171478 0.0206348 0.0065522 -0.0152669 0.0099681 -0.0785381 -0.0884781 -0.0076055 0.0010320 0.0128656 -0.0423127 -0.0099723 -0.1217889 -0.0067071 -0.0415280 -0.0225599 -0.0226487 0.0124560 -0.0739181 -0.0018055 -0.1071860 -0.2780081 -0.2803285 -0.2789611 -0.2764214 -0.2766776 -0.2754483 -0.2781201 -0.2779522 -0.2795978 -0.2798991 -0.2823002 -0.2823799 -0.2809344 -0.2833395 -0.2826544 -0.2821060 -0.2854321 -0.2832383
0.1347805 0.1377237 0.1425200 0.1334551 0.1423626 0.1414973 0.1417525 0.1467833 0.1491274 0.1417800 0.1488702 0.1462424 0.1453015 0.1453436 0.8775222 0.1389510 0.0285985 0.0487618 0.0536607 0.0431257 0.0388281 0.0664172 0.0453144 0.0444119 0.0703196 0.0671229 0.0750175 0.0607923 0.0629525 0.0606617 0.0713173 0.0564281 0.0715684 0.0581933 0.0590650 0.0715359 0.0628776 0.0664644 0.0713116 0.0693780 0.0588001 0.0502105 0.0528383 0.0556105 0.0658922 0.0664290 0.0480259 0.0361688 -0.0147040 0.0377009 0.0240367 0.0101337 0.0184367 0.0358902 0.0269737 0.0076636 0.0018444 0.0163145 0.0432426 0.0251419 0.0434707 0.0297278 0.0269101 0.0351049 0.0228011 0.0365182 0.0139026 0.0375448 0.0084656 0.0550590 0.0153577 -0.0020256 0.0029351 0.0334342 0.0216606 0.0235360 0.0105235 -0.0118870 0.0158527 -0.0691198 -0.0798655 0.0084613 0.0134237 0.0225739 -0.0302618 -0.0017955 -0.1214688 0.0017158 -0.0349650 -0.0255811 -0.0255737 0.0137924 -0.0666663 -0.0001217 -0.1008418 -0.2780954 -0.2828758 -0.2825508 -0.2788165 -0.2784914 -0.2768181 -0.2809921 -0.2809025 -0.2812438 -0.2841897 -0.2847951 -0.2848007 -0.2845286 -0.2847292 -0.2855497 -0.2850074 -0.2881265 -0.2858033
0.1369582 0.1418193 0.1445996 0.1365580 0.1477688 0.1465458 0.1491259 0.1496335 0.1542831 0.1489402 0.1506932 0.1562313 0.1498410 0.1434672 0.1389510 0.8800118 0.0258394 0.0510793 0.0543088 0.0494722 0.0400425 0.0639128 0.0474188 0.0471953 0.0741027 0.0716550 0.0768105 0.0620800 0.0660414 0.0625944 0.0734366 0.0639045 0.0781549 0.0580701 0.0592143 0.0768265 0.0632110 0.0669156 0.0727650 0.0685593 0.0629360 0.0535721 0.0571068 0.0531283 0.0665139 0.0689208 0.0542846 0.0311975 -0.0141207 0.0359134 0.0230391 0.0107393 0.0167435 0.0373392 0.0251263 0.0068378 -0.0001407 0.0153659 0.0423048 0.0253003 0.0469205 0.0316201 0.0302605 0.0357359 0.0226373 0.0406049 0.0137872 0.0333912 0.0068382 0.0556792 0.0174816 -0.0037388 0.0030450 0.0368583 0.0205279 0.0299085 0.0132247 -0.0141649 0.0157473 -0.0705263 -0.0811771 0.0088417 0.0082005 0.0196365 -0.0304132 -0.0021121 -0.1217906 0.0010274 -0.0361466 -0.0354796 -0.0361151 0.0143552 -0.0495553 -0.0025727 -0.1046750 -0.2832248 -0.2864540 -0.2852895 -0.2795387 -0.2822967 -0.2796488 -0.2828216 -0.2839238 -0.2856040 -0.2869027 -0.2887113 -0.2886691 -0.2884161 -0.2895581 -0.2891830 -0.2891841 -0.2920492 -0.2889690
0.0306788 0.0275791 0.0352703 0.0304532 0.0345557 0.0354615 0.0315348 0.0357007 0.0362365 0.0340791 0.0405017 0.0377291 0.0321167 0.0374970 0.0285985 0.0258394 0.9787425 0.0419965 0.0477294 0.0598435 0.0605925 0.0412669 0.0509302 0.0596288 -0.0134385 -0.0169240 -0.0137736 -0.0087267 -0.0185262 -0.0205674 -0.0228994 -0.0227724 -0.0257377 -0.0096523 -0.0141832 -0.0172307 -0.0142640 -0.0177306 -0.0177057 -0.0179974 0.0020414 -0.0066237 -0.0307784 -0.0159845 -0.0115001 -0.0058190 -0.0070244 -0.0457211 -0.0136939 -0.0275733 -0.0205075 -0.0041527 -0.0383724 -0.0074683 -0.0156447 -0.0225334 -0.0174140 -0.0212721 -0.0325259 -0.0166898 -0.0219119 -0.0296871 -0.0286511 -0.0316821 -0.0365070 -0.0235236 -0.0376245 -0.0445106 -0.0362354 -0.0215148 -0.0305302 -0.0150960 -0.0176948 -0.0153348 -0.0232928 -0.0179429 -0.0146578 -0.0332112 -0.0148344 -0.0212084 -0.0221686 -0.0219863 -0.0177036 -0.0197728 -0.0255202 -0.0276744 0.0011677 -0.0250516 -0.0230034 -0.0840686 -0.0843353 -0.0434207 -0.0063169 -0.0210218 -0.0170203 0.0128904 0.0134466 0.0132923 0.0148244 0.0128848 0.0130116 0.0138409 0.0154785 0.0142189 0.0158285 0.0141114 0.0129381 0.0141528 0.0133181 0.0141106 0.0153369 0.0067076 0.0130992
0.0530377 0.0568299 0.0556862 0.0530984 0.0626876 0.0569459 0.0583480 0.0593714 0.0613435 0.0601641 0.0666849 0.0659436 0.0608705 0.0624167 0.0487618 0.0510793 0.0419965 0.9545892 0.0674501 0.0667929 0.0570694 0.0637396 0.0613096 0.0570707 -0.0004401 -0.0105948 -0.0034277 -0.0088221 -0.0054348 -0.0149911 -0.0110119 -0.0176662 -0.0078391 0.0055181 -0.0111893 -0.0075408 -0.0047766 -0.0052657 -0.0025992 -0.0067961 0.0030546 -0.0182138 -0.0089132 0.0004920 0.0072693 -0.0079142 -0.0094714 -0.0197126 -0.0170686 -0.0106083 -0.0076852 -0.0232523 -0.0179593 -0.0046060 -0.0255040 -0.0157346 -0.0237411 -0.0156586 -0.0250211 -0.0165113 -0.0283740 -0.0389669 -0.0394607 -0.0119533 -0.0189578 -0.0187691 -0.0283554 -0.0194217 -0.0354611 -0.0106446 -0.0270905 -0.0220629 -0.0175444 -0.0058850 -0.0156942 -0.0067894 -0.0198207 -0.0143363 -0.0081107 -0.0314334 -0.0389658 -0.0275261 -0.0149521 -0.0185243 -0.0255525 -0.0178045 -0.0264875 -0.0230040 -0.0245774 -0.0170978 -0.0166355 -0.0157515 -0.0171523 -0.0287869 -0.0254760 -0.0446310 -0.0475508 -0.0466090 -0.0425523 -0.0444309 -0.0446322 -0.0464972 -0.0457205 -0.0440065 -0.0434945 -0.0471069 -0.0483822 -0.0490316 -0.0477646 -0.0464850 -0.0471723 -0.0524265 -0.0456330
0.0549961 0.0597457 0.0645841 0.0573817 0.0652994 0.0635344 0.0655874 0.0703998 0.0666147 0.0631695 0.0746693 0.0709722 0.0655789 0.0687016 0.0536607 0.0543088 0.0477294 0.0674501 0.9694405 0.0705841 0.0709803 0.0723735 0.0639220 0.0641118 -0.0030530 -0.0064476 -0.0000672 -0.0103804 -0.0107602 -0.0178433 -0.0121737 -0.0214425 -0.0106885 0.0049085 -0.0171612 -0.0038961 -0.0082847 -0.0078789 -0.0038125 -0.0022583 -0.0007731 -0.0185019 -0.0141822 -0.0038917 0.0145912 -0.0077625 -0.0135277 -0.0200556 -0.0125759 -0.0072129 -0.0099077 -0.0246118 -0.0128247 -0.0075927 -0.0209334 -0.0082276 -0.0302465 -0.0219594 -0.0298355 -0.0163594 -0.0339205 -0.0429419 -0.0425803 -0.0076701 -0.0222239 -0.0206160 -0.0294448 -0.0180824 -0.0415832 -0.0116289 -0.0351801 -0.0349218 -0.0226346 -0.0059076 -0.0196527 -0.0170055 -0.0209806 -0.0209890 -0.0152727 -0.0311796 -0.0348619 -0.0388267 -0.0141469 -0.0285262 -0.0336632 -0.0254734 -0.0313368 -0.0246041 -0.0376136 -0.0133020 -0.0140460 -0.0181836 -0.0217022 -0.0285711 -0.0351717 -0.0428639 -0.0452063 -0.0455814 -0.0421969 -0.0413641 -0.0428891 -0.0435652 -0.0423221 -0.0448410 -0.0405385 -0.0447114 -0.0466048 -0.0443021 -0.0442519 -0.0460349 -0.0437007 -0.0468953 -0.0464164
0.0504941 0.0534173 0.0517756 0.0484672 0.0592206 0.0541607 0.0582670 0.0600128 0.0626128 0.0625522 0.0672239 0.0655655 0.0594861 0.0590720 0.0431257 0.0494722 0.0598435 0.0667929 0.0705841 1.0015802 0.0656151 0.0838917 0.0848476 0.0653330 -0.0151604 -0.0199078 -0.0158291 -0.0229354 -0.0246975 -0.0311660 -0.0287474 -0.0360768 -0.0208949 -0.0007451 -0.0215462 -0.0169996 -0.0119025 -0.0168694 -0.0128828 -0.0172469 -0.0160812 -0.0319544 -0.0269062 -0.0105003 -0.0003359 -0.0261010 -0.0293237 -0.0189510 -0.0111841 -0.0099548 -0.0101665 -0.0200615 -0.0079591 -0.0173020 -0.0299462 -0.0249555 -0.0319718 -0.0220026 -0.0404521 -0.0224205 -0.0488269 -0.0596176 -0.0606293 -0.0221660 -0.0213895 -0.0304573 -0.0336455 -0.0186104 -0.0492053 -0.0180059 -0.0391688 -0.0413987 -0.0258928 -0.0018793 -0.0196814 -0.0328833 -0.0321478 -0.0221120 -0.0219961 -0.0298213 -0.0497996 -0.0495973 -0.0381824 -0.0279135 -0.0431043 -0.0326994 -0.0151379 -0.0221442 -0.0214466 0.0098997 0.0109014 -0.0187612 -0.0111981 -0.0486953 -0.0186927 -0.0151605 -0.0171019 -0.0157727 -0.0123716 -0.0107402 -0.0154256 -0.0159071 -0.0106371 -0.0120196 -0.0111372 -0.0126489 -0.0140856 -0.0119659 -0.0139418 -0.0120294 -0.0133018 -0.0160504 -0.0163049
0.0458007 0.0423499 0.0473240 0.0405136 0.0517481 0.0477685 0.0482279 0.0519766 0.0507518 0.0509922 0.0582405 0.0539939 0.0500115 0.0510504 0.0388281 0.0400425 0.0605925 0.0570694 0.0709803 0.0656151 1.0036373 0.0719893 0.0686693 0.0689383 -0.0195488 -0.0202576 -0.0121473 -0.0227742 -0.0257789 -0.0351260 -0.0254377 -0.0354376 -0.0303464 -0.0084114 -0.0281361 -0.0230959 -0.0279603 -0.0204463 -0.0202887 -0.0195989 -0.0070937 -0.0254644 -0.0318009 -0.0166849 -0.0070505 -0.0189821 -0.0224249 -0.0442999 -0.0143262 -0.0184901 -0.0234192 -0.0122915 -0.0236686 -0.0221960 -0.0369952 -0.0234771 -0.0327110 -0.0323790 -0.0457031 -0.0268836 -0.0445789 -0.0469369 -0.0490075 -0.0245441 -0.0354743 -0.0339357 -0.0406072 -0.0452724 -0.0484236 -0.0220583 -0.0368916 -0.0300077 -0.0257098 -0.0157795 -0.0257625 -0.0339965 -0.0263619 -0.0177224 -0.0257478 -0.0284257 -0.0339070 -0.0417053 -0.0308928 -0.0255822 -0.0378296 -0.0388107 0.0000316 -0.0280896 -0.0226340 -0.0383367 -0.0390855 -0.0261060 -0.0055302 -0.0276739 -0.0203217 0.0103082 0.0124845 0.0129336 0.0145636 0.0139595 0.0120183 0.0118461 0.0143126 0.0131010 0.0151561 0.0117170 0.0118062 0.0137175 0.0110945 0.0137263 0.0127689 0.0069075 0.0126918
0.0702556 0.0691190 0.0723336 0.0664088 0.0782318 0.0720501 0.0734482 0.0795228 0.0760357 0.0747196 0.0823117 0.0820262 0.0760251 0.0780343 0.0664172 0.0639128 0.0412669 0.0637396 0.0723735 0.0838917 0.0719893 0.9839398 0.0767281 0.0751272 -0.0080937 -0.0056348 -0.0031799 -0.0076222 -0.0152268 -0.0219794 -0.0136541 -0.0249566 -0.0097778 0.0088293 -0.0116876 -0.0066411 -0.0079777 -0.0018617 -0.0056413 -0.0011151 -0.0051005 -0.0250200 -0.0122339 0.0001791 0.0106898 -0.0151782 -0.0177205 -0.0125515 -0.0085727 -0.0069616 -0.0034032 -0.0178785 0.0004571 -0.0137726 -0.0265494 -0.0151911 -0.0340570 -0.0166385 -0.0274589 -0.0169080 -0.0447535 -0.0489735 -0.0502349 -0.0097220 -0.0225083 -0.0237593 -0.0331890 -0.0119103 -0.0409164 -0.0107726 -0.0382154 -0.0367231 -0.0230706 -0.0026951 -0.0181654 -0.0228886 -0.0235564 -0.0074429 -0.0022916 -0.0361865 -0.0508405 -0.0469871 -0.0288437 -0.0198774 -0.0406375 -0.0265760 -0.0347812 -0.0227519 -0.0291836 0.0174734 0.0190616 -0.0138716 -0.0231484 -0.0340724 -0.0331581 -0.0585679 -0.0586958 -0.0598815 -0.0549310 -0.0554344 -0.0586698 -0.0556040 -0.0557747 -0.0578758 -0.0552029 -0.0570238 -0.0566156 -0.0552949 -0.0572513 -0.0551041 -0.0596486 -0.0606532 -0.0586980
0.0487056 0.0511761 0.0537554 0.0492228 0.0601233 0.0553685 0.0562959 0.0597766 0.0615009 0.0596271 0.0663203 0.0652178 0.0597307 0.0591500 0.0453144 0.0474188 0.0509302 0.0613096 0.0639220 0.0848476 0.0686693 0.0767281 0.9822738 0.0679353 -0.0134706 -0.0206938 -0.0156159 -0.0204172 -0.0221618 -0.0280721 -0.0200564 -0.0287676 -0.0216865 -0.0042625 -0.0226894 -0.0205958 -0.0198086 -0.0185771 -0.0180858 -0.0169463 -0.0044614 -0.0230527 -0.0263403 -0.0102338 -0.0060392 -0.0154581 -0.0227498 -0.0333716 -0.0212779 -0.0165388 -0.0129138 -0.0144324 -0.0222584 -0.0158485 -0.0326564 -0.0201378 -0.0374929 -0.0166261 -0.0349714 -0.0211388 -0.0441755 -0.0482275 -0.0473934 -0.0297932 -0.0349570 -0.0261522 -0.0405881 -0.0334066 -0.0475812 -0.0199149 -0.0441621 -0.0319247 -0.0302625 -0.0077168 -0.0270384 -0.0289271 -0.0253787 -0.0277945 -0.0172383 -0.0270534 -0.0434980 -0.0393252 -0.0308453 -0.0220558 -0.0354021 -0.0312485 -0.0157176 -0.0194592 -0.0234485 -0.0333458 -0.0329240 -0.0299685 -0.0124669 -0.0370367 -0.0202801 -0.0059502 -0.0046799 -0.0075842 -0.0004173 -0.0048455 -0.0030433 -0.0038542 -0.0024227 -0.0035635 -0.0008988 -0.0051101 -0.0052198 -0.0027055 -0.0031701 -0.0021931 -0.0049344 -0.0087844 -0.0016285
0.0532907 0.0483520 0.0523051 0.0507058 0.0577242 0.0536551 0.0505085 0.0534581 0.0569200 0.0584081 0.0614006 0.0593590 0.0554337 0.0581266 0.0444119 0.0471953 0.0596288 0.0570707 0.0641118 0.0653330 0.0689383 0.0751272 0.0679353 0.9699179 -0.0049400 -0.0040724 -0.0078834 -0.0079380 -0.0137197 -0.0196972 -0.0156345 -0.0184981 -0.0148102 0.0027591 -0.0181292 -0.0084688 -0.0082388 -0.0049651 -0.0044263 -0.0091230 0.0006396 -0.0185594 -0.0180748 -0.0041557 0.0055703 -0.0082631 -0.0104895 -0.0258073 -0.0160894 -0.0109149 -0.0066101 -0.0098307 -0.0160571 -0.0115889 -0.0170594 -0.0168632 -0.0258288 -0.0195899 -0.0295456 -0.0239047 -0.0308228 -0.0393292 -0.0396446 -0.0192821 -0.0250889 -0.0248121 -0.0314620 -0.0250584 -0.0332453 -0.0078229 -0.0286908 -0.0227453 -0.0178382 -0.0097066 -0.0189961 -0.0176430 -0.0165934 -0.0131055 -0.0192807 -0.0310826 -0.0451774 -0.0378049 -0.0207106 -0.0216316 -0.0273211 -0.0292207 -0.0200048 -0.0266166 -0.0304841 -0.0096562 -0.0103106 -0.0222782 -0.0170240 -0.0288768 -0.0253876 -0.0351168 -0.0339391 -0.0363451 -0.0309983 -0.0309253 -0.0326048 -0.0315528 -0.0304355 -0.0315672 -0.0315876 -0.0334789 -0.0315658 -0.0353836 -0.0336689 -0.0322636 -0.0338147 -0.0368876 -0.0336280
0.0687374 0.0705648 0.0688368 0.0699743 0.0703055 0.0726711 0.0712247 0.0708616 0.0717467 0.0677451 0.0641449 0.0654838 0.0679416 0.0686622 0.0703196 0.0741027 -0.0134385 -0.0004401 -0.0030530 -0.0151604 -0.0195488 -0.0080937 -0.0134706 -0.0049400 0.8476801 0.0792873 0.0827047 0.0941577 0.1050037 0.1164112 0.1168749 0.1006693 0.0846518 0.0562613 0.0685144 0.0858032 0.0734612 0.0700632 0.0725826 0.0788226 0.0588259 0.0640704 0.0689005 0.0548295 0.0620710 0.0751600 0.0619450 0.0488228 -0.0069018 0.0371292 0.0253566 0.0242512 0.0242037 0.0428773 0.0391369 0.0209261 0.0257251 0.0269862 0.0691956 0.0405520 0.0728592 0.0657319 0.0659384 0.0510126 0.0411059 0.0572434 0.0402568 0.0504920 0.0478939 0.0681336 0.0440452 0.0231551 0.0167042 0.0384524 0.0387266 0.0474741 0.0308239 0.0035211 0.0229444 -0.0399207 -0.0512539 0.0416069 0.0340907 0.0455270 -0.0065114 0.0219937 -0.1070517 0.0246032 -0.0137751 -0.0283007 -0.0304645 0.0311104 -0.0623572 0.0269382 -0.0863892 -0.2607606 -0.2661154 -0.2611188 -0.2613238 -0.2607788 -0.2594067 -0.2594042 -0.2641861 -0.2636619 -0.2685569 -0.2672466 -0.2674068 -0.2699671 -0.2702294 -0.2702989 -0.2669296 -0.2709019 -0.2689589
0.0641494 0.0659070 0.0648289 0.0633900 0.0628483 0.0670303 0.0661475 0.0667355 0.0629733 0.0615777 0.0578405 0.0582733 0.0620674 0.0566421 0.0671229 0.0716550 -0.0169240 -0.0105948 -0.0064476 -0.0199078 -0.0202576 -0.0056348 -0.0206938 -0.0040724 0.0792873 0.8546603 0.1120662 0.0711549 0.0854030 0.0791743 0.0879772 0.0827912 0.0856610 0.0563665 0.0657441 0.0860965 0.0705778 0.0697291 0.0735360 0.0784939 0.0572628 0.0668812 0.0655086 0.0508026 0.0551410 0.0754834 0.0635513 0.0514499 -0.0011743 0.0462460 0.0312851 0.0226937 0.0362671 0.0485668 0.0526522 0.0164577 0.0280144 0.0310700 0.0714677 0.0437269 0.0851683 0.0729920 0.0725416 0.0513456 0.0438148 0.0554640 0.0376584 0.0518382 0.0434544 0.0668767 0.0423376 0.0230886 0.0242055 0.0427745 0.0455230 0.0410266 0.0340939 0.0024255 0.0300920 -0.0337167 -0.0435853 0.0477672 0.0311088 0.0480144 0.0030769 0.0318498 -0.1137870 0.0258543 -0.0129581 -0.0200086 -0.0202185 0.0355639 -0.0562806 0.0255510 -0.0785109 -0.2536263 -0.2604944 -0.2575769 -0.2544446 -0.2566105 -0.2536132 -0.2579244 -0.2590159 -0.2589125 -0.2631820 -0.2619356 -0.2629158 -0.2630481 -0.2619489 -0.2662510 -0.2633328 -0.2636148 -0.2639748
0.0682507 0.0718651 0.0730529 0.0704966 0.0714529 0.0728824 0.0728745 0.0716913 0.0711561 0.0674154 0.0653894 0.0678499 0.0724987 0.0660290 0.0750175 0.0768105 -0.0137736 -0.0034277 -0.0000672 -0.0158291 -0.0121473 -0.0031799 -0.0156159 -0.0078834 0.0827047 0.1120662 0.8506291 0.0779769 0.0817015 0.0882485 0.0864389 0.0889112 0.0814867 0.0560592 0.0663465 0.0806765 0.0751572 0.0679456 0.0733387 0.0779625 0.0599061 0.0667311 0.0674993 0.0555331 0.0580254 0.0730223 0.0655435 0.0493203 -0.0060304 0.0415691 0.0236195 0.0263938 0.0283773 0.0411856 0.0443202 0.0138582 0.0250366 0.0331215 0.0693008 0.0483071 0.0803811 0.0717835 0.0710743 0.0553273 0.0463216 0.0515452 0.0392912 0.0492171 0.0437127 0.0695872 0.0482929 0.0230926 0.0156263 0.0415016 0.0443324 0.0456366 0.0302625 -0.0001054 0.0277123 -0.0464269 -0.0498741 0.0471920 0.0314741 0.0430849 0.0032195 0.0262488 -0.1063710 0.0215521 -0.0142497 -0.0303627 -0.0318483 0.0305222 -0.0572095 0.0294440 -0.0793848 -0.2600051 -0.2654534 -0.2616917 -0.2583859 -0.2612035 -0.2573568 -0.2605678 -0.2614917 -0.2632616 -0.2661141 -0.2653881 -0.2677834 -0.2673402 -0.2677002 -0.2686155 -0.2662129 -0.2690757 -0.2673275
0.0525724 0.0561218 0.0595580 0.0584575 0.0552097 0.0578203 0.0587380 0.0570227 0.0588704 0.0568857 0.0539780 0.0550121 0.0570243 0.0558709 0.0607923 0.0620800 -0.0087267 -0.0088221 -0.0103804 -0.0229354 -0.0227742 -0.0076222 -0.0204172 -0.0079380 0.0941577 0.0711549 0.0779769 0.8612862 0.1080416 0.0919808 0.0897104 0.1045906 0.0684877 0.0500325 0.0596090 0.0792974 0.0716610 0.0638673 0.0673790 0.0616156 0.0647894 0.0691120 0.0638687 0.0487427 0.0517573 0.0789693 0.0734553 0.0454908 -0.0105228 0.0327872 0.0300865 0.0281445 0.0283098 0.0508656 0.0435590 0.0093055 0.0286492 0.0270787 0.0700118 0.0387591 0.0808813 0.0764813 0.0773833 0.0445225 0.0360462 0.0511341 0.0308806 0.0461271 0.0441220 0.0658584 0.0397456 0.0299603 0.0269611 0.0330264 0.0377314 0.0434600 0.0312985 -0.0041675 0.0213305 -0.0390220 -0.0420969 0.0461185 0.0301997 0.0424375 -0.0017438 0.0249593 -0.0958924 0.0206569 -0.0221420 -0.0479750 -0.0492873 0.0189059 -0.0587825 0.0240016 -0.0786144 -0.2365350 -0.2414810 -0.2400527 -0.2353238 -0.2361024 -0.2337493 -0.2371598 -0.2394404 -0.2411996 -0.2460721 -0.2424173 -0.2438458 -0.2448780 -0.2432646 -0.2460017 -0.2430463 -0.2466455 -0.2461253
0.0566674 0.0601135 0.0587810 0.0592372 0.0569857 0.0610998 0.0594465 0.0583289 0.0590747 0.0562937 0.0550472 0.0551461 0.0587702 0.0575176 0.0629525 0.0660414 -0.0185262 -0.0054348 -0.0107602 -0.0246975 -0.0257789 -0.0152268 -0.0221618 -0.0137197 0.1050037 0.0854030 0.0817015 0.1080416 0.8562778 0.1013445 0.0956521 0.1113476 0.0751615 0.0536848 0.0626458 0.0792564 0.0690595 0.0690917 0.0725202 0.0698513 0.0602564 0.0598990 0.0645877 0.0510212 0.0519224 0.0725945 0.0617361 0.0485286 0.0043866 0.0368969 0.0300238 0.0174465 0.0313318 0.0492600 0.0457133 0.0149879 0.0279077 0.0340783 0.0715086 0.0415210 0.0856709 0.0775888 0.0777044 0.0523488 0.0404787 0.0565898 0.0390190 0.0479931 0.0442829 0.0676228 0.0436899 0.0286065 0.0214282 0.0400434 0.0410003 0.0433344 0.0325113 -0.0001394 0.0285694 -0.0359401 -0.0408267 0.0493519 0.0284789 0.0459487 -0.0009218 0.0214881 -0.1032717 0.0188670 -0.0143396 -0.0322622 -0.0329183 0.0264085 -0.0588061 0.0256888 -0.0785348 -0.2447728 -0.2520851 -0.2486964 -0.2470916 -0.2477318 -0.2450232 -0.2478957 -0.2512079 -0.2509338 -0.2541323 -0.2549672 -0.2537353 -0.2555295 -0.2553591 -0.2563007 -0.2551344 -0.2564010 -0.2561563
0.0537944 0.0573113 0.0582327 0.0562438 0.0542674 0.0591491 0.0594888 0.0555189 0.0568689 0.0521670 0.0491659 0.0498383 0.0545059 0.0506951 0.0606617 0.0625944 -0.0205674 -0.0149911 -0.0178433 -0.0311660 -0.0351260 -0.0219794 -0.0280721 -0.0196972 0.1164112 0.0791743 0.0882485 0.0919808 0.1013445 0.8563610 0.1182085 0.1026720 0.0769524 0.0563211 0.0697863 0.0840594 0.0765588 0.0803478 0.0727834 0.0783217 0.0596962 0.0700443 0.0752712 0.0557217 0.0603820 0.0771450 0.0689572 0.0624192 -0.0015560 0.0383814 0.0270973 0.0278323 0.0322911 0.0474726 0.0559154 0.0171034 0.0278364 0.0329860 0.0743239 0.0431135 0.0905769 0.0838207 0.0849481 0.0579223 0.0440135 0.0604290 0.0445096 0.0632039 0.0554897 0.0757281 0.0511232 0.0284272 0.0272726 0.0377024 0.0397501 0.0568266 0.0323244 0.0043918 0.0295459 -0.0374654 -0.0403165 0.0560755 0.0369922 0.0479474 0.0044846 0.0323372 -0.1081602 0.0271406 -0.0140080 -0.0280743 -0.0292544 0.0323742 -0.0581125 0.0312676 -0.0818073 -0.2566950 -0.2642142 -0.2595427 -0.2584546 -0.2590522 -0.2559256 -0.2582202 -0.2610931 -0.2610095 -0.2658131 -0.2649488 -0.2653144 -0.2650353 -0.2673314 -0.2662804 -0.2660403 -0.2678762 -0.2672912
0.0655252 0.0680500 0.0701359 0.0665054 0.0677685 0.0657857 0.0682562 0.0670989 0.0658602 0.0623503 0.0609640 0.0612257 0.0647986 0.0606118 0.0713173 0.0734366 -0.0228994 -0.0110119 -0.0121737 -0.0287474 -0.0254377 -0.0136541 -0.0200564 -0.0156345 0.1168749 0.0879772 0.0864389 0.0897104 0.0956521 0.1182085 0.8535437 0.1015615 0.0873048 0.0613388 0.0722197 0.0921713 0.0817919 0.0821995 0.0828696 0.0842252 0.0663065 0.0697992 0.0785001 0.0586961 0.0636895 0.0859593 0.0693175 0.0646610 -0.0078112 0.0499490 0.0328335 0.0333401 0.0381931 0.0494460 0.0565270 0.0222892 0.0260904 0.0319961 0.0852151 0.0448293 0.0851824 0.0774802 0.0778098 0.0543853 0.0494443 0.0611167 0.0464319 0.0653185 0.0534800 0.0822269 0.0497162 0.0239633 0.0255297 0.0463454 0.0481926 0.0482380 0.0339655 0.0041507 0.0295649 -0.0393563 -0.0484059 0.0503027 0.0363580 0.0511106 -0.0004973 0.0295766 -0.1133884 0.0293860 -0.0128597 -0.0165449 -0.0172733 0.0372783 -0.0675796 0.0404755 -0.0882984 -0.2769429 -0.2832478 -0.2774033 -0.2774300 -0.2774795 -0.2743691 -0.2780673 -0.2800532 -0.2815846 -0.2845763 -0.2843184 -0.2843148 -0.2847163 -0.2859122 -0.2853674 -0.2859258 -0.2862519 -0.2851981
0.0504315 0.0559187 0.0537268 0.0534015 0.0514832 0.0535098 0.0543364 0.0531555 0.0553420 0.0504921 0.0452070 0.0484008 0.0529121 0.0490135 0.0564281 0.0639045 -0.0227724 -0.0176662 -0.0214425 -0.0360768 -0.0354376 -0.0249566 -0.0287676 -0.0184981 0.1006693 0.0827912 0.0889112 0.1045906 0.1113476 0.1026720 0.1015615 0.8592189 0.0819497 0.0510297 0.0624535 0.0877636 0.0742162 0.0672694 0.0738720 0.0691747 0.0613191 0.0732616 0.0637979 0.0490234 0.0525093 0.0828602 0.0712116 0.0423446 -0.0101215 0.0362740 0.0229528 0.0352607 0.0207968 0.0547281 0.0520398 0.0175784 0.0303873 0.0372883 0.0743501 0.0513986 0.0941150 0.0953563 0.0960483 0.0431250 0.0351782 0.0561745 0.0455206 0.0431557 0.0502523 0.0716812 0.0557706 0.0361659 0.0250551 0.0341775 0.0386454 0.0573919 0.0407218 -0.0028212 0.0254473 -0.0343653 -0.0381966 0.0581240 0.0300424 0.0483290 0.0035979 0.0292073 -0.0945597 0.0190177 -0.0129265 -0.0728030 -0.0736688 0.0209738 -0.0497464 0.0388054 -0.0784713 -0.2435647 -0.2482946 -0.2438833 -0.2435749 -0.2434041 -0.2412015 -0.2441991 -0.2464129 -0.2466950 -0.2496691 -0.2492035 -0.2513433 -0.2521269 -0.2529513 -0.2525665 -0.2518264 -0.2531551 -0.2515229
0.0672637 0.0670313 0.0692499 0.0684044 0.0668869 0.0702487 0.0710180 0.0707418 0.0681465 0.0664583 0.0621699 0.0640128 0.0686224 0.0626222 0.0715684 0.0781549 -0.0257377 -0.0078391 -0.0106885 -0.0208949 -0.0303464 -0.0097778 -0.0216865 -0.0148102 0.0846518 0.0856610 0.0814867 0.0684877 0.0751615 0.0769524 0.0873048 0.0819497 0.8533003 0.0632102 0.0782785 0.0974286 0.0781694 0.0873201 0.0911592 0.0900802 0.0607722 0.0703678 0.0814756 0.0627061 0.0657113 0.0724728 0.0638015 0.0742766 0.0030116 0.0597146 0.0381296 0.0232548 0.0434612 0.0484200 0.0536831 0.0249451 0.0302540 0.0340587 0.0820087 0.0431763 0.0813967 0.0730610 0.0718031 0.0655368 0.0575481 0.0638583 0.0514248 0.0728666 0.0535352 0.0759104 0.0512324 0.0248854 0.0236150 0.0518451 0.0487716 0.0462826 0.0354763 0.0122945 0.0311403 -0.0355378 -0.0438417 0.0457916 0.0364037 0.0482924 0.0041969 0.0362237 -0.1201936 0.0355520 -0.0061709 0.0085132 0.0082101 0.0421538 -0.0675004 0.0284080 -0.0746219 -0.2816748 -0.2843865 -0.2827834 -0.2818687 -0.2811201 -0.2788233 -0.2808719 -0.2847383 -0.2852364 -0.2901565 -0.2886780 -0.2895840 -0.2895651 -0.2906342 -0.2910081 -0.2885019 -0.2892407 -0.2902682
0.0565350 0.0583314 0.0586127 0.0572720 0.0579131 0.0571573 0.0600575 0.0594449 0.0576287 0.0559441 0.0548527 0.0558371 0.0571411 0.0563090 0.0581933 0.0580701 -0.0096523 0.0055181 0.0049085 -0.0007451 -0.0084114 0.0088293 -0.0042625 0.0027591 0.0562613 0.0563665 0.0560592 0.0500325 0.0536848 0.0563211 0.0613388 0.0510297 0.0632102 0.9268771 0.0512620 0.0612470 0.0551906 0.0567650 0.0592791 0.0581136 0.0414776 0.0421181 0.0562710 0.0444094 0.0477643 0.0492703 0.0441609 0.0562714 0.0070746 0.0427480 0.0305125 0.0131314 0.0358646 0.0308201 0.0367906 0.0191514 0.0193743 0.0224448 0.0506790 0.0291425 0.0495780 0.0416457 0.0412020 0.0485797 0.0431490 0.0431276 0.0343146 0.0570188 0.0356610 0.0520702 0.0344949 0.0122067 0.0186211 0.0364475 0.0353683 0.0284212 0.0212595 0.0139228 0.0241789 -0.0268425 -0.0329547 0.0256285 0.0261598 0.0324748 0.0029152 0.0207080 -0.0847097 0.0242955 -0.0031854 0.0387428 0.0382552 0.0355546 -0.0466403 0.0224244 -0.0547463 -0.1975587 -0.2018100 -0.1992500 -0.1980485 -0.1972051 -0.1956075 -0.1974906 -0.1998153 -0.2012279 -0.2046920 -0.2034827 -0.2048089 -0.2043648 -0.2053882 -0.2064760 -0.2050127 -0.2062463 -0.2053459
