0.8785999 0.1776687 0.1439489 0.1645541 0.1488833 0.1434377 0.1469749 0.1524671 0.1470700 0.1434373 0.1442480 0.1517307 0.1420725 0.1402088 0.1345855 0.1373171 0.0321180 0.0517073 0.0534278 0.0480788 0.0447428 0.0679636 0.0475495 0.0518864 0.0708117 0.0658681 0.0703478 0.0556258 0.0591617 0.0564875 0.0674595 0.0558244 0.0679612 0.0546684 0.0536399 0.0709980 0.0620954 0.0604170 0.0691015 0.0638420 0.0551930 0.0486004 0.0492834 0.0488030 0.0639924 0.0620823 0.0510790 0.0337285 -0.0157517 0.0344406 0.0179733 0.0097069 0.0143508 0.0323511 0.0202741 0.0074424 -0.0015518 0.0081658 0.0403457 0.0220674 0.0437225 0.0270317 0.0254521 0.0378545 0.0152877 0.0367552 0.0084313 0.0349551 0.0053696 0.0525939 0.0125939 -0.0062024 -0.0018072 0.0336550 0.0177211 0.0215368 0.0137873 -0.0126395 0.0118410 -0.0718464 -0.0810880 0.0031120 0.0055360 0.0193632 -0.0322986 -0.0065848 -0.1213756 -0.0006172 -0.0369661 -0.0326154 -0.0330163 0.0105263 -0.0667667 -0.0020175 -0.1048298 -0.2736519 -0.2765933 -0.2755387 -0.2735248 -0.2734286 -0.2722928 -0.2729194 -0.2739933 -0.2752807 -0.2770714 -0.2793328 -0.2781290 -0.2779733 -0.2790789 -0.2793143 -0.2782077 -0.2819281 -0.2777730
0.1776687 0.8863206 0.1470529 0.1744118 0.1510506 0.1502304 0.1523748 0.1549168 0.1499515 0.1477098 0.1504532 0.1538749 0.1508520 0.1455985 0.1377119 0.1422732 0.0288183 0.0558882 0.0586218 0.0517192 0.0416332 0.0676313 0.0503917 0.0473347 0.0722234 0.0672549 0.0735691 0.0586315 0.0621130 0.0594314 0.0696098 0.0605379 0.0676194 0.0566034 0.0540391 0.0727354 0.0628552 0.0642558 0.0725604 0.0675260 0.0584613 0.0499547 0.0504319 0.0531028 0.0653366 0.0642368 0.0480605 0.0312179 -0.0163542 0.0394179 0.0182861 0.0090709 0.0155336 0.0316307 0.0211011 0.0075881 -0.0037911 0.0098702 0.0420010 0.0237892 0.0425783 0.0291161 0.0280634 0.0385452 0.0191676 0.0382252 0.0122625 0.0329305 0.0050584 0.0541043 0.0131404 -0.0066008 -0.0014487 0.0333340 0.0186487 0.0268881 0.0115053 -0.0142961 0.0142769 -0.0757413 -0.0826561 0.0028281 0.0055161 0.0175018 -0.0360249 -0.0050783 -0.1242434 0.0023771 -0.0385564 -0.0345334 -0.0363514 0.0124206 -0.0698019 0.0016495 -0.1059430 -0.2821330 -0.2860345 -0.2836867 -0.2816080 -0.2823723 -0.2821390 -0.2812539 -0.2856073 -0.2848219 -0.2865309 -0.2862985 -0.2887212 -0.2865334 -0.2878667 -0.2871701 -0.2874424 -0.2911007 -0.2870480
0.1439489 0.1470529 0.8817578 0.1434396 0.1887880 0.1827362 0.2003443 0.1900919 0.1538226 0.1522845 0.1532616 0.1563600 0.1528636 0.1495523 0.1424144 0.1449240 0.0363734 0.0546223 0.0633177 0.0499292 0.0464037 0.0706766 0.0527882 0.0512354 0.0705583 0.0662397 0.0748647 0.0621229 0.0608393 0.0604122 0.0717157 0.0584050 0.0699702 0.0569240 0.0562289 0.0760992 0.0669128 0.0611097 0.0717101 0.0697081 0.0626338 0.0531064 0.0486173 0.0504184 0.0686023 0.0684368 0.0506773 0.0305170 -0.0202392 0.0336955 0.0211056 0.0078120 0.0158532 0.0319460 0.0202124 0.0071862 -0.0013986 0.0074783 0.0372130 0.0219265 0.0419197 0.0253609 0.0255953 0.0328758 0.0131947 0.0315250 0.0082172 0.0314774 0.0030331 0.0504534 0.0111534 -0.0062357 -0.0026514 0.0348202 0.0203897 0.0230709 0.0106974 -0.0164935 0.0129507 -0.0794685 -0.0898976 0.0024613 0.0071044 0.0168523 -0.0372503 -0.0052989 -0.1236597 -0.0067878 -0.0413688 -0.0354223 -0.0364688 0.0096440 -0.0723101 -0.0020463 -0.1108263 -0.2848075 -0.2888180 -0.2875019 -0.2833912 -0.2836306 -0.2828220 -0.2845481 -0.2852714 -0.2876350 -0.2892536 -0.2900143 -0.2908790 -0.2896199 -0.2900802 -0.2908262 -0.2900961 -0.2939838 -0.2912039
0.1645541 0.1744118 0.1434396 0.8866182 0.1437897 0.1438949 0.1433838 0.1495167 0.1452649 0.1393435 0.1446596 0.1458824 0.1394824 0.1399602 0.1332038 0.1368118 0.0317637 0.0517361 0.0557621 0.0459968 0.0394323 0.0642395 0.0480424 0.0492815 0.0719242 0.0649756 0.0725275 0.0614650 0.0615896 0.0588311 0.0683442 0.0586005 0.0691307 0.0554891 0.0553797 0.0704628 0.0631818 0.0645780 0.0702319 0.0667147 0.0580998 0.0515154 0.0546760 0.0530622 0.0671320 0.0641468 0.0493915 0.0339889 -0.0146747 0.0374186 0.0225335 0.0085840 0.0158426 0.0326008 0.0244524 0.0076951 0.0001147 0.0117582 0.0418953 0.0258479 0.0418028 0.0280327 0.0282923 0.0390565 0.0203004 0.0348530 0.0089276 0.0363057 0.0059941 0.0549728 0.0136713 -0.0025744 -0.0018537 0.0343529 0.0210324 0.0237925 0.0130259 -0.0115818 0.0138849 -0.0730583 -0.0808873 0.0047436 0.0104647 0.0209726 -0.0337768 -0.0058831 -0.1226313 0.0006088 -0.0378460 -0.0312179 -0.0309021 0.0141756 -0.0681919 0.0006232 -0.1028709 -0.2765841 -0.2793884 -0.2767866 -0.2746372 -0.2765779 -0.2744442 -0.2755440 -0.2776448 -0.2783233 -0.2812150 -0.2808134 -0.2815975 -0.2811424 -0.2810696 -0.2809088 -0.2800449 -0.2849931 -0.2795262
0.1488833 0.1510506 0.1887880 0.1437897 0.8942934 0.1974245 0.2021875 0.1996282 0.1563071 0.1539034 0.1558882 0.1601853 0.1546520 0.1520626 0.1421181 0.1481067 0.0359916 0.0612423 0.0636104 0.0566897 0.0505405 0.0759140 0.0588924 0.0562719 0.0724774 0.0646461 0.0737223 0.0584571 0.0595832 0.0569949 0.0697900 0.0571970 0.0677235 0.0560297 0.0509536 0.0735680 0.0622175 0.0614551 0.0727378 0.0655567 0.0641806 0.0512373 0.0465387 0.0511552 0.0676876 0.0640110 0.0507060 0.0252717 -0.0183959 0.0342684 0.0171122 0.0106214 0.0116617 0.0318306 0.0174762 0.0050084 -0.0047643 0.0066851 0.0358037 0.0157324 0.0401623 0.0267045 0.0233678 0.0330830 0.0156300 0.0339901 0.0059113 0.0262219 0.0011062 0.0542969 0.0082693 -0.0101123 -0.0063486 0.0335689 0.0186590 0.0230856 0.0088592 -0.0188132 0.0113445 -0.0806499 -0.0917797 0.0000687 0.0024184 0.0147264 -0.0372840 -0.0068149 -0.1234668 -0.0065244 -0.0410978 -0.0386836 -0.0392335 0.0092863 -0.0711562 -0.0074369 -0.1077809 -0.2830541 -0.2851490 -0.2832671 -0.2800601 -0.2813472 -0.2801228 -0.2813774 -0.2819614 -0.2824799 -0.2849414 -0.2874867 -0.2873673 -0.2865401 -0.2876453 -0.2867319 -0.2863901 -0.2915273 -0.2861422
0.1434377 0.1502304 0.1827362 0.1438949 0.1974245 0.8905292 0.1954706 0.1934807 0.1541747 0.1523872 0.1541963 0.1600392 0.1514853 0.1502679 0.1415212 0.1469163 0.0362016 0.0563812 0.0629545 0.0533687 0.0472715 0.0716318 0.0549256 0.0531557 0.0736923 0.0678455 0.0739524 0.0594542 0.0623286 0.0604968 0.0667705 0.0567296 0.0706833 0.0557551 0.0506048 0.0712977 0.0595060 0.0575966 0.0665321 0.0660563 0.0616957 0.0504938 0.0502298 0.0499915 0.0677244 0.0639108 0.0504816 0.0258574 -0.0187396 0.0322596 0.0147349 0.0103418 0.0128091 0.0321325 0.0167415 0.0078186 -0.0078315 0.0059130 0.0347413 0.0180843 0.0401941 0.0236150 0.0227735 0.0354283 0.0152437 0.0349255 0.0062921 0.0268166 0.0045400 0.0536328 0.0069328 -0.0095375 -0.0055771 0.0328023 0.0179299 0.0222522 0.0105957 -0.0198989 0.0125882 -0.0787361 -0.0913394 0.0011037 0.0062246 0.0167320 -0.0386428 -0.0031754 -0.1233135 -0.0068919 -0.0403400 -0.0400425 -0.0415502 0.0094934 -0.0695967 -0.0073791 -0.1063274 -0.2821563 -0.2839319 -0.2840572 -0.2803173 -0.2806953 -0.2797534 -0.2812954 -0.2831528 -0.2820765 -0.2868419 -0.2861010 -0.2864871 -0.2872992 -0.2879779 -0.2859786 -0.2852275 -0.2888923 -0.2876005
0.1469749 0.1523748 0.2003443 0.1433838 0.2021875 0.1954706 0.8876315 0.2067165 0.1566325 0.1552875 0.1571141 0.1624679 0.1541622 0.1554301 0.1416206 0.1495294 0.0330562 0.0570324 0.0639625 0.0557651 0.0471267 0.0712896 0.0551767 0.0491316 0.0734243 0.0679721 0.0750932 0.0619873 0.0620665 0.0622697 0.0702840 0.0602042 0.0717934 0.0580026 0.0559586 0.0755158 0.0618741 0.0630590 0.0730841 0.0721433 0.0633706 0.0507560 0.0500865 0.0517888 0.0672079 0.0645922 0.0512158 0.0280802 -0.0182353 0.0343610 0.0184751 0.0090012 0.0132777 0.0330851 0.0168404 0.0072408 -0.0020342 0.0064809 0.0362083 0.0150220 0.0400452 0.0279536 0.0254951 0.0369579 0.0185782 0.0373640 0.0100799 0.0301601 0.0036680 0.0566096 0.0097266 -0.0082838 -0.0049734 0.0347063 0.0202858 0.0245617 0.0107367 -0.0165605 0.0122909 -0.0801242 -0.0909175 0.0017466 0.0069403 0.0152704 -0.0373508 -0.0047844 -0.1286234 -0.0068839 -0.0411444 -0.0363907 -0.0378091 0.0083697 -0.0737395 -0.0069783 -0.1123753 -0.2909777 -0.2949589 -0.2925830 -0.2908976 -0.2911568 -0.2883258 -0.2918362 -0.2930184 -0.2926737 -0.2958471 -0.2959416 -0.2979893 -0.2953098 -0.2974990 -0.2963547 -0.2969323 -0.2971948 -0.2963536
0.1524671 0.1549168 0.1900919 0.1495167 0.1996282 0.1934807 0.2067165 0.8965389 0.1613320 0.1561272 0.1602495 0.1674502 0.1562705 0.1573311 0.1465679 0.1500192 0.0372198 0.0579141 0.0686516 0.0574120 0.0507914 0.0771494 0.0584405 0.0518882 0.0731211 0.0686202 0.0740223 0.0604502 0.0610558 0.0584800 0.0692250 0.0589937 0.0716039 0.0575021 0.0535670 0.0751478 0.0631085 0.0626299 0.0723732 0.0690453 0.0642837 0.0504781 0.0498284 0.0526460 0.0659656 0.0667031 0.0497322 0.0277317 -0.0193557 0.0343125 0.0151455 0.0128587 0.0116934 0.0335570 0.0192771 0.0057724 -0.0042181 0.0034766 0.0332217 0.0183700 0.0408433 0.0248223 0.0234906 0.0327028 0.0149195 0.0355327 0.0062085 0.0284014 0.0036744 0.0536955 0.0091575 -0.0076212 -0.0055044 0.0363073 0.0182179 0.0241650 0.0109307 -0.0186498 0.0122170 -0.0807815 -0.0918539 -0.0003984 0.0060575 0.0163982 -0.0356270 -0.0063050 -0.1263151 -0.0034418 -0.0421493 -0.0389143 -0.0404005 0.0090759 -0.0720864 -0.0046443 -0.1088625 -0.2891103 -0.2919881 -0.2899830 -0.2870980 -0.2886652 -0.2871874 -0.2886718 -0.2905391 -0.2910685 -0.2929559 -0.2944078 -0.2936181 -0.2940961 -0.2942988 -0.2943156 -0.2931381 -0.2973729 -0.2936160
0.1470700 0.1499515 0.1538226 0.1452649 0.1563071 0.1541747 0.1566325 0.1613320 0.8987198 0.1882704 0.1972308 0.1944226 0.1912968 0.1854102 0.1491965 0.1547749 0.0372436 0.0607618 0.0659366 0.0617980 0.0502941 0.0754336 0.0610453 0.0563636 0.0730286 0.0639507 0.0724684 0.0607075 0.0605581 0.0585169 0.0669697 0.0591966 0.0686138 0.0561041 0.0507982 0.0717385 0.0610399 0.0601814 0.0679469 0.0659209 0.0614449 0.0448679 0.0462567 0.0556217 0.0698234 0.0643241 0.0529069 0.0276077 -0.0194205 0.0332548 0.0191324 0.0043979 0.0104496 0.0320669 0.0221853 0.0068438 -0.0067948 0.0087418 0.0332870 0.0188060 0.0373194 0.0233228 0.0231871 0.0322563 0.0133130 0.0360120 0.0070544 0.0288721 0.0019916 0.0542734 0.0087247 -0.0085182 -0.0008686 0.0318638 0.0163465 0.0208593 0.0049615 -0.0177095 0.0121547 -0.0799203 -0.0871301 0.0008163 -0.0005504 0.0177396 -0.0407817 -0.0088852 -0.1205183 -0.0033324 -0.0422188 -0.0453337 -0.0455963 0.0103627 -0.0728283 -0.0051577 -0.1094923 -0.2850254 -0.2872035 -0.2845350 -0.2822943 -0.2826661 -0.2826020 -0.2838745 -0.2853007 -0.2860535 -0.2874035 -0.2891877 -0.2876621 -0.2885376 -0.2892451 -0.2878015 -0.2893741 -0.2940811 -0.2880221
0.1434373 0.1477098 0.1522845 0.1393435 0.1539034 0.1523872 0.1552875 0.1561272 0.1882704 0.8928324 0.1849953 0.1909627 0.1993288 0.1838252 0.1416814 0.1493514 0.0354117 0.0590884 0.0619425 0.0607518 0.0501161 0.0731856 0.0587470 0.0573069 0.0695841 0.0630232 0.0692733 0.0595691 0.0584557 0.0545018 0.0640199 0.0554828 0.0671166 0.0541822 0.0511755 0.0714420 0.0567408 0.0571321 0.0690005 0.0659328 0.0576608 0.0460378 0.0459024 0.0540429 0.0660129 0.0607349 0.0484819 0.0271232 -0.0214177 0.0329506 0.0167351 0.0097524 0.0111524 0.0333610 0.0157169 0.0066364 -0.0063435 0.0052806 0.0323203 0.0175711 0.0369463 0.0221635 0.0199438 0.0293654 0.0142114 0.0334209 0.0046650 0.0277261 -0.0001639 0.0488953 0.0057553 -0.0088069 -0.0030159 0.0297602 0.0144128 0.0206497 0.0059753 -0.0180314 0.0113225 -0.0775050 -0.0893054 -0.0006406 0.0019648 0.0163689 -0.0414018 -0.0070081 -0.1199790 -0.0078035 -0.0420983 -0.0430607 -0.0429028 0.0078627 -0.0702130 -0.0080831 -0.1051962 -0.2778011 -0.2791917 -0.2794218 -0.2745190 -0.2750127 -0.2738318 -0.2769356 -0.2765929 -0.2780568 -0.2797912 -0.2816524 -0.2813558 -0.2798958 -0.2813752 -0.2810566 -0.2806407 -0.2843161 -0.2812208
0.1442480 0.1504532 0.1532616 0.1446596 0.1558882 0.1541963 0.1571141 0.1602495 0.1972308 0.1849953 0.9162311 0.2024571 0.1902807 0.1862848 0.1485818 0.1510581 0.0422677 0.0649838 0.0726682 0.0640963 0.0569016 0.0793940 0.0648341 0.0596127 0.0667667 0.0599976 0.0681171 0.0578795 0.0581482 0.0524177 0.0633746 0.0518137 0.0631401 0.0528000 0.0481324 0.0689560 0.0582859 0.0562607 0.0663945 0.0614848 0.0592143 0.0456617 0.0442243 0.0515125 0.0657373 0.0615380 0.0469746 0.0219489 -0.0206971 0.0290977 0.0175902 0.0057104 0.0086225 0.0283054 0.0159954 0.0043673 -0.0086371 0.0065577 0.0320070 0.0188385 0.0323313 0.0173282 0.0165915 0.0285489 0.0092103 0.0311336 0.0026682 0.0231915 -0.0034342 0.0458021 0.0031593 -0.0122407 -0.0050822 0.0296819 0.0151998 0.0186581 0.0048705 -0.0181441 0.0067327 -0.0789055 -0.0890250 -0.0041375 0.0014756 0.0129939 -0.0435767 -0.0129383 -0.1172395 -0.0075315 -0.0458476 -0.0456495 -0.0456325 0.0078806 -0.0711472 -0.0067399 -0.1074189 -0.2711747 -0.2744109 -0.2729010 -0.2686386 -0.2706158 -0.2698563 -0.2710169 -0.2721411 -0.2721933 -0.2724110 -0.2756086 -0.2755844 -0.2752238 -0.2769571 -0.2749570 -0.2775817 -0.2815055 -0.2754120
0.1517307 0.1538749 0.1563600 0.1458824 0.1601853 0.1600392 0.1624679 0.1674502 0.1944226 0.1909627 0.2024571 0.9104189 0.1955557 0.1901479 0.1460292 0.1565834 0.0391896 0.0646351 0.0694272 0.0632776 0.0528913 0.0799758 0.0640776 0.0580211 0.0675278 0.0599666 0.0699997 0.0580637 0.0576438 0.0525007 0.0630807 0.0538917 0.0647893 0.0539347 0.0526471 0.0725061 0.0597067 0.0559954 0.0676601 0.0627677 0.0610260 0.0450932 0.0472297 0.0514645 0.0682070 0.0603902 0.0500522 0.0224791 -0.0237419 0.0293051 0.0159676 0.0065130 0.0111292 0.0323400 0.0160789 0.0028618 -0.0076778 0.0096780 0.0309608 0.0154592 0.0323410 0.0182689 0.0175826 0.0280972 0.0114727 0.0308526 0.0045472 0.0241766 -0.0021716 0.0504608 0.0065944 -0.0124715 -0.0049550 0.0276631 0.0122949 0.0206296 0.0048865 -0.0218400 0.0100575 -0.0784875 -0.0899494 -0.0039827 0.0004003 0.0113778 -0.0459488 -0.0110284 -0.1177397 -0.0091777 -0.0449133 -0.0462197 -0.0466307 0.0042052 -0.0691407 -0.0113646 -0.1094098 -0.2790806 -0.2803263 -0.2789027 -0.2760963 -0.2773347 -0.2769026 -0.2779106 -0.2776731 -0.2806146 -0.2794094 -0.2816035 -0.2819942 -0.2818326 -0.2818910 -0.2811655 -0.2828397 -0.2864682 -0.2827016
0.1420725 0.1508520 0.1528636 0.1394824 0.1546520 0.1514853 0.1541622 0.1562705 0.1912968 0.1993288 0.1902807 0.1955557 0.8994453 0.1916734 0.1452200 0.1502222 0.0331178 0.0600624 0.0646217 0.0581112 0.0492855 0.0749669 0.0589911 0.0546203 0.0694090 0.0632019 0.0740099 0.0592355 0.0604218 0.0564256 0.0661439 0.0571343 0.0692134 0.0555302 0.0492084 0.0718561 0.0620236 0.0612031 0.0711201 0.0644988 0.0590905 0.0462491 0.0483616 0.0566718 0.0671128 0.0632208 0.0526807 0.0247100 -0.0203321 0.0341155 0.0145128 0.0109121 0.0149430 0.0288026 0.0196983 0.0053957 -0.0068255 0.0081606 0.0361954 0.0177198 0.0399575 0.0224641 0.0219473 0.0297743 0.0168053 0.0348644 0.0047520 0.0269231 0.0003556 0.0513743 0.0073565 -0.0080944 -0.0056096 0.0327159 0.0162728 0.0229314 0.0071257 -0.0166474 0.0120147 -0.0810204 -0.0896286 -0.0019060 0.0003596 0.0171226 -0.0421549 -0.0091333 -0.1224876 -0.0066871 -0.0429699 -0.0435388 -0.0434460 0.0085234 -0.0738957 -0.0057751 -0.1097146 -0.2826152 -0.2855718 -0.2837898 -0.2786877 -0.2800559 -0.2801079 -0.2820820 -0.2826685 -0.2838527 -0.2849168 -0.2876579 -0.2861188 -0.2873620 -0.2881923 -0.2869755 -0.2865451 -0.2919106 -0.2872627
0.1402088 0.1455985 0.1495523 0.1399602 0.1520626 0.1502679 0.1554301 0.1573311 0.1854102 0.1838252 0.1862848 0.1901479 0.1916734 0.9011411 0.1450627 0.1437837 0.0391589 0.0608382 0.0668701 0.0563295 0.0498748 0.0754508 0.0577862 0.0565425 0.0709599 0.0585303 0.0684198 0.0593659 0.0603591 0.0536918 0.0627143 0.0550501 0.0634381 0.0542465 0.0506070 0.0712750 0.0611300 0.0573698 0.0675353 0.0663505 0.0579032 0.0475934 0.0487579 0.0530217 0.0656570 0.0627165 0.0504217 0.0279449 -0.0198431 0.0321039 0.0166491 0.0080496 0.0109139 0.0289793 0.0186310 0.0069377 -0.0081946 0.0074630 0.0354307 0.0184067 0.0377861 0.0212278 0.0205858 0.0320472 0.0144282 0.0321317 0.0041284 0.0295126 0.0009550 0.0495296 0.0060142 -0.0112202 -0.0040702 0.0317027 0.0172960 0.0240408 0.0091892 -0.0177573 0.0103549 -0.0792010 -0.0878607 -0.0032572 0.0015255 0.0149329 -0.0420992 -0.0087189 -0.1199190 -0.0072815 -0.0429286 -0.0416691 -0.0419522 0.0095672 -0.0725508 -0.0008782 -0.1084190 -0.2776216 -0.2798671 -0.2784320 -0.2759627 -0.2766115 -0.2748885 -0.2777971 -0.2775825 -0.2791007 -0.2793915 -0.2818688 -0.2819867 -0.2804144 -0.2829773 -0.2821087 -0.2816175 -0.2850831 -0.2827543
0.1345855 0.1377119 0.1424144 0.1332038 0.1421181 0.1415212 0.1416206 0.1465679 0.1491965 0.1416814 0.1485818 0.1460292 0.1452200 0.1450627 0.8796132 0.1392805 0.0291927 0.0483630 0.0532574 0.0425536 0.0384466 0.0662370 0.0449984 0.0440190 0.0710844 0.0676948 0.0758317 0.0620879 0.0638945 0.0616900 0.0720353 0.0591529 0.0718928 0.0569798 0.0594221 0.0721701 0.0633440 0.0665352 0.0714736 0.0695738 0.0599347 0.0520870 0.0529245 0.0555947 0.0658359 0.0682421 0.0491295 0.0365395 -0.0153641 0.0374408 0.0238576 0.0110508 0.0179757 0.0364378 0.0272332 0.0072807 0.0020019 0.0165417 0.0439761 0.0257195 0.0458960 0.0322274 0.0292487 0.0349779 0.0223704 0.0369782 0.0141981 0.0378414 0.0089681 0.0554013 0.0157937 -0.0010225 0.0030300 0.0334783 0.0217175 0.0245769 0.0112272 -0.0123144 0.0159375 -0.0693554 -0.0797018 0.0095831 0.0136659 0.0231874 -0.0302438 -0.0013924 -0.1211819 0.0016236 -0.0351653 -0.0298358 -0.0299072 0.0132849 -0.0664124 0.0002566 -0.1011552 -0.2780944 -0.2828687 -0.2825027 -0.2787991 -0.2785944 -0.2768276 -0.2810134 -0.2809321 -0.2812539 -0.2842076 -0.2848527 -0.2847900 -0.2844639 -0.2847619 -0.2855336 -0.2850256 -0.2881125 -0.2857817
0.1373171 0.1422732 0.1449240 0.1368118 0.1481067 0.1469163 0.1495294 0.1500192 0.1547749 0.1493514 0.1510581 0.1565834 0.1502222 0.1437837 0.1392805 0.8831651 0.0260222 0.0513657 0.0547906 0.0502284 0.0402120 0.0651505 0.0477733 0.0475926 0.0741624 0.0716183 0.0769181 0.0621850 0.0660528 0.0626480 0.0733999 0.0649869 0.0782511 0.0572334 0.0592307 0.0768301 0.0633461 0.0671088 0.0729067 0.0686167 0.0631241 0.0538037 0.0574683 0.0533691 0.0666227 0.0693285 0.0541771 0.0330768 -0.0138819 0.0365114 0.0233599 0.0104694 0.0172929 0.0371205 0.0249038 0.0069448 -0.0005595 0.0151835 0.0418447 0.0249584 0.0472443 0.0312464 0.0300003 0.0365518 0.0232063 0.0407212 0.0140425 0.0352337 0.0070078 0.0557119 0.0174824 -0.0040463 0.0029914 0.0369691 0.0204369 0.0297604 0.0128163 -0.0135021 0.0156910 -0.0706113 -0.0812896 0.0080849 0.0082919 0.0195164 -0.0305715 -0.0022468 -0.1223359 0.0011798 -0.0358908 -0.0332078 -0.0332829 0.0150156 -0.0498775 -0.0025650 -0.1045243 -0.2834352 -0.2867340 -0.2855094 -0.2796989 -0.2825199 -0.2798991 -0.2830200 -0.2841590 -0.2858199 -0.2871312 -0.2889799 -0.2888637 -0.2885596 -0.2897764 -0.2894521 -0.2894672 -0.2922197 -0.2891616
0.0321180 0.0288183 0.0363734 0.0317637 0.0359916 0.0362016 0.0330562 0.0372198 0.0372436 0.0354117 0.0422677 0.0391896 0.0331178 0.0391589 0.0291927 0.0260222 0.9830095 0.0444352 0.0508485 0.0651553 0.0622984 0.0471768 0.0530838 0.0623841 -0.0162401 -0.0194251 -0.0165437 -0.0129415 -0.0220846 -0.0242900 -0.0256791 -0.0287032 -0.0266459 -0.0083214 -0.0155878 -0.0195500 -0.0155611 -0.0173145 -0.0178454 -0.0185478 -0.0022880 -0.0128087 -0.0296281 -0.0151301 -0.0111353 -0.0109560 -0.0113293 -0.0389328 -0.0097596 -0.0237259 -0.0183938 -0.0089464 -0.0336309 -0.0107856 -0.0173694 -0.0204133 -0.0198308 -0.0232070 -0.0370251 -0.0205076 -0.0308103 -0.0411369 -0.0405032 -0.0271717 -0.0320841 -0.0248256 -0.0373116 -0.0378432 -0.0370220 -0.0226912 -0.0321782 -0.0206132 -0.0180916 -0.0150463 -0.0237301 -0.0227799 -0.0192797 -0.0279577 -0.0154564 -0.0203460 -0.0229525 -0.0294350 -0.0179422 -0.0229886 -0.0260474 -0.0294421 -0.0024975 -0.0238876 -0.0202758 -0.0561521 -0.0555748 -0.0380931 -0.0088718 -0.0221458 -0.0147006 0.0123527 0.0127039 0.0125817 0.0143409 0.0129007 0.0121226 0.0134695 0.0149834 0.0134966 0.0151256 0.0134201 0.0123730 0.0136334 0.0127900 0.0132879 0.0146210 0.0064402 0.0125886
0.0517073 0.0558882 0.0546223 0.0517361 0.0612423 0.0563812 0.0570324 0.0579141 0.0607618 0.0590884 0.0649838 0.0646351 0.0600624 0.0608382 0.0483630 0.0513657 0.0444352 0.9541419 0.0649925 0.0629904 0.0556977 0.0599467 0.0597200 0.0549722 0.0024748 -0.0080020 -0.0003212 -0.0042401 -0.0018683 -0.0113317 -0.0082863 -0.0110318 -0.0069885 0.0035444 -0.0099904 -0.0051629 -0.0033166 -0.0058257 -0.0025185 -0.0063017 0.0073405 -0.0121743 -0.0100274 -0.0003889 0.0067066 -0.0025397 -0.0052317 -0.0252651 -0.0206509 -0.0137958 -0.0095789 -0.0189537 -0.0222632 -0.0017038 -0.0243173 -0.0178828 -0.0221947 -0.0141313 -0.0211537 -0.0132453 -0.0205607 -0.0301644 -0.0307264 -0.0158434 -0.0230901 -0.0174036 -0.0283603 -0.0248838 -0.0344397 -0.0095322 -0.0254961 -0.0169396 -0.0172900 -0.0062676 -0.0155838 -0.0021440 -0.0158962 -0.0185427 -0.0076737 -0.0324112 -0.0381683 -0.0214990 -0.0145424 -0.0157159 -0.0253335 -0.0162341 -0.0233575 -0.0240969 -0.0267310 -0.0466087 -0.0466598 -0.0204625 -0.0149718 -0.0277829 -0.0272436 -0.0435594 -0.0462754 -0.0452737 -0.0413768 -0.0437471 -0.0432346 -0.0454918 -0.0445978 -0.0427289 -0.0421481 -0.0457760 -0.0471695 -0.0477457 -0.0466228 -0.0450093 -0.0458606 -0.0513683 -0.0443574
0.0534278 0.0586218 0.0633177 0.0557621 0.0636104 0.0629545 0.0639625 0.0686516 0.0659366 0.0619425 0.0726682 0.0694272 0.0646217 0.0668701 0.0532574 0.0547906 0.0508485 0.0649925 0.9680663 0.0656520 0.0693210 0.0674433 0.0619919 0.0615444 0.0005332 -0.0032301 0.0037162 -0.0048213 -0.0062620 -0.0131766 -0.0087760 -0.0129037 -0.0095887 0.0024701 -0.0156583 -0.0009175 -0.0065612 -0.0086108 -0.0036664 -0.0016640 0.0046376 -0.0109428 -0.0156491 -0.0050259 0.0139288 -0.0011361 -0.0082971 -0.0273267 -0.0171074 -0.0113090 -0.0122843 -0.0190467 -0.0183231 -0.0038858 -0.0192854 -0.0110269 -0.0281722 -0.0200364 -0.0250510 -0.0121429 -0.0241992 -0.0318827 -0.0313620 -0.0127258 -0.0274762 -0.0189282 -0.0295033 -0.0253044 -0.0404483 -0.0102030 -0.0331690 -0.0283478 -0.0223002 -0.0063984 -0.0195232 -0.0111715 -0.0160435 -0.0264317 -0.0146733 -0.0324076 -0.0338998 -0.0310489 -0.0137496 -0.0249917 -0.0334840 -0.0234009 -0.0274136 -0.0260415 -0.0405238 -0.0504504 -0.0521225 -0.0242667 -0.0188824 -0.0272315 -0.0375370 -0.0415712 -0.0436079 -0.0439788 -0.0408172 -0.0404893 -0.0411998 -0.0423805 -0.0408995 -0.0432473 -0.0389349 -0.0431398 -0.0452080 -0.0427728 -0.0428790 -0.0442121 -0.0421399 -0.0456352 -0.0448411
0.0480788 0.0517192 0.0499292 0.0459968 0.0566897 0.0533687 0.0557651 0.0574120 0.0617980 0.0607518 0.0640963 0.0632776 0.0581112 0.0563295 0.0425536 0.0502284 0.0651553 0.0629904 0.0656520 0.9944856 0.0632438 0.0752623 0.0816499 0.0610913 -0.0092802 -0.0147623 -0.0096347 -0.0138738 -0.0172599 -0.0237388 -0.0232822 -0.0229457 -0.0193009 -0.0045365 -0.0191402 -0.0120688 -0.0092051 -0.0180832 -0.0128323 -0.0162256 -0.0071855 -0.0197556 -0.0294963 -0.0123478 -0.0014152 -0.0152607 -0.0206274 -0.0321983 -0.0189278 -0.0171259 -0.0142060 -0.0110725 -0.0174846 -0.0111698 -0.0273892 -0.0294800 -0.0286302 -0.0189431 -0.0324101 -0.0154135 -0.0329777 -0.0414950 -0.0420232 -0.0307905 -0.0304021 -0.0277249 -0.0340614 -0.0317101 -0.0475388 -0.0157584 -0.0362263 -0.0306644 -0.0255118 -0.0026519 -0.0195482 -0.0232110 -0.0239686 -0.0316257 -0.0211003 -0.0321919 -0.0484094 -0.0367976 -0.0376448 -0.0221400 -0.0426939 -0.0294496 -0.0084896 -0.0245431 -0.0264746 -0.0516197 -0.0522366 -0.0291369 -0.0064757 -0.0467459 -0.0228338 -0.0130244 -0.0145188 -0.0131398 -0.0100538 -0.0094248 -0.0126132 -0.0139222 -0.0083487 -0.0093898 -0.0085158 -0.0101749 -0.0117375 -0.0095088 -0.0116820 -0.0090694 -0.0106815 -0.0141126 -0.0137732
0.0447428 0.0416332 0.0464037 0.0394323 0.0505405 0.0472715 0.0471267 0.0507914 0.0502941 0.0501161 0.0569016 0.0528913 0.0492855 0.0498748 0.0384466 0.0402120 0.0622984 0.0556977 0.0693210 0.0632438 1.0053843 0.0696806 0.0676140 0.0676054 -0.0176935 -0.0185441 -0.0100536 -0.0197310 -0.0234045 -0.0326378 -0.0235402 -0.0308091 -0.0296611 -0.0096806 -0.0273473 -0.0215378 -0.0269618 -0.0208702 -0.0201887 -0.0192385 -0.0041785 -0.0214386 -0.0323945 -0.0172615 -0.0074641 -0.0153025 -0.0195572 -0.0477945 -0.0164516 -0.0204330 -0.0245536 -0.0094099 -0.0263530 -0.0203009 -0.0361268 -0.0248065 -0.0317774 -0.0314151 -0.0432751 -0.0247693 -0.0397499 -0.0421594 -0.0439965 -0.0269606 -0.0381202 -0.0329329 -0.0404297 -0.0486286 -0.0475658 -0.0212420 -0.0357376 -0.0264693 -0.0254973 -0.0159809 -0.0257430 -0.0308819 -0.0238151 -0.0203111 -0.0254216 -0.0289777 -0.0332953 -0.0377866 -0.0304643 -0.0237976 -0.0376592 -0.0376954 0.0019214 -0.0286800 -0.0237810 -0.0582967 -0.0592680 -0.0290044 -0.0041049 -0.0269188 -0.0213056 0.0111388 0.0135179 0.0139698 0.0155030 0.0145958 0.0130999 0.0126680 0.0152455 0.0141301 0.0161638 0.0127256 0.0127446 0.0147932 0.0120451 0.0148441 0.0137559 0.0078031 0.0137340
0.0679636 0.0676313 0.0706766 0.0642395 0.0759140 0.0716318 0.0712896 0.0771494 0.0754336 0.0731856 0.0793940 0.0799758 0.0749669 0.0754508 0.0662370 0.0651505 0.0471768 0.0599467 0.0674433 0.0752623 0.0696806 0.9770292 0.0738571 0.0709417 -0.0018943 -0.0001413 0.0033341 0.0020382 -0.0074185 -0.0141991 -0.0078113 -0.0109228 -0.0080729 0.0046616 -0.0091736 -0.0014457 -0.0050791 -0.0032391 -0.0054714 -0.0001194 0.0043792 -0.0118019 -0.0149991 -0.0017401 0.0095213 -0.0034796 -0.0084750 -0.0265058 -0.0169446 -0.0147025 -0.0079006 -0.0080656 -0.0097962 -0.0071379 -0.0239177 -0.0199944 -0.0306323 -0.0133277 -0.0190895 -0.0093476 -0.0276237 -0.0295160 -0.0302326 -0.0190634 -0.0323922 -0.0209347 -0.0337557 -0.0255647 -0.0395354 -0.0084322 -0.0351412 -0.0254027 -0.0226833 -0.0035721 -0.0180388 -0.0126049 -0.0147483 -0.0178087 -0.0014303 -0.0385672 -0.0496053 -0.0333212 -0.0283648 -0.0138750 -0.0404477 -0.0233084 -0.0276586 -0.0255748 -0.0348255 -0.0490695 -0.0489637 -0.0251061 -0.0180573 -0.0322309 -0.0379188 -0.0565692 -0.0561790 -0.0573648 -0.0526481 -0.0542316 -0.0558047 -0.0536802 -0.0535432 -0.0553896 -0.0525177 -0.0545177 -0.0542782 -0.0528409 -0.0550699 -0.0523124 -0.0570931 -0.0586818 -0.0561764
0.0475495 0.0503917 0.0527882 0.0480424 0.0588924 0.0549256 0.0551767 0.0584405 0.0610453 0.0587470 0.0648341 0.0640776 0.0589911 0.0577862 0.0449984 0.0477733 0.0530838 0.0597200 0.0619919 0.0816499 0.0676140 0.0738571 0.9832751 0.0662970 -0.0111115 -0.0186687 -0.0129915 -0.0165685 -0.0191424 -0.0249431 -0.0178821 -0.0231185 -0.0208920 -0.0058740 -0.0217157 -0.0185623 -0.0186347 -0.0190776 -0.0179839 -0.0165643 -0.0008417 -0.0179990 -0.0272150 -0.0109063 -0.0065627 -0.0110071 -0.0192122 -0.0380686 -0.0242180 -0.0189590 -0.0144094 -0.0109360 -0.0257023 -0.0134606 -0.0317386 -0.0218326 -0.0363675 -0.0154255 -0.0319123 -0.0183426 -0.0380217 -0.0417618 -0.0410379 -0.0329906 -0.0383260 -0.0249526 -0.0404849 -0.0379694 -0.0466265 -0.0189987 -0.0427972 -0.0277034 -0.0300596 -0.0079626 -0.0269418 -0.0251633 -0.0222818 -0.0311009 -0.0168756 -0.0279163 -0.0427459 -0.0345469 -0.0304430 -0.0197978 -0.0352244 -0.0299185 -0.0131620 -0.0202759 -0.0251485 -0.0585830 -0.0586302 -0.0335478 -0.0106716 -0.0361386 -0.0216759 -0.0049286 -0.0034762 -0.0063346 0.0007399 -0.0040676 -0.0017370 -0.0029185 -0.0013418 -0.0023637 0.0003363 -0.0039305 -0.0041003 -0.0014740 -0.0020625 -0.0008366 -0.0037129 -0.0077483 -0.0004146
0.0518864 0.0473347 0.0512354 0.0492815 0.0562719 0.0531557 0.0491316 0.0518882 0.0563636 0.0573069 0.0596127 0.0580211 0.0546203 0.0565425 0.0440190 0.0475926 0.0623841 0.0549722 0.0615444 0.0610913 0.0676054 0.0709417 0.0662970 0.9692780 -0.0019713 -0.0012358 -0.0045484 -0.0029580 -0.0097818 -0.0157964 -0.0127605 -0.0114049 -0.0138922 0.0006736 -0.0168262 -0.0059056 -0.0068043 -0.0056527 -0.0043812 -0.0085942 0.0052568 -0.0119908 -0.0194109 -0.0051166 0.0050067 -0.0025082 -0.0059783 -0.0321494 -0.0199827 -0.0144865 -0.0086921 -0.0051642 -0.0208911 -0.0083483 -0.0156645 -0.0191657 -0.0241230 -0.0179318 -0.0253212 -0.0202226 -0.0223618 -0.0302052 -0.0302830 -0.0236797 -0.0297410 -0.0232875 -0.0314855 -0.0312750 -0.0322214 -0.0066010 -0.0269782 -0.0171779 -0.0176165 -0.0100961 -0.0188364 -0.0125868 -0.0123299 -0.0178282 -0.0187971 -0.0322300 -0.0443805 -0.0312650 -0.0203012 -0.0186058 -0.0270967 -0.0274646 -0.0166037 -0.0278269 -0.0330032 -0.0422303 -0.0431320 -0.0274004 -0.0145529 -0.0278303 -0.0274742 -0.0339200 -0.0325018 -0.0348513 -0.0296963 -0.0301621 -0.0310388 -0.0304536 -0.0291590 -0.0301337 -0.0301403 -0.0320489 -0.0302793 -0.0339986 -0.0324015 -0.0306856 -0.0323798 -0.0357923 -0.0322388
0.0708117 0.0722234 0.0705583 0.0719242 0.0724774 0.0736923 0.0734243 0.0731211 0.0730286 0.0695841 0.0667667 0.0675278 0.0694090 0.0709599 0.0710844 0.0741624 -0.0162401 0.0024748 0.0005332 -0.0092802 -0.0176935 -0.0018943 -0.0111115 -0.0019713 0.8480690 0.0757117 0.0786867 0.0882907 0.1002854 0.1114819 0.1130805 0.0930640 0.0835212 0.0578121 0.0668575 0.0825428 0.0716119 0.0709547 0.0724934 0.0781415 0.0533594 0.0564661 0.0705664 0.0560603 0.0627323 0.0684775 0.0563092 0.0582607 -0.0021746 0.0418725 0.0280156 0.0182160 0.0302526 0.0388056 0.0372285 0.0237769 0.0232310 0.0246842 0.0636630 0.0357727 0.0627116 0.0537779 0.0538452 0.0569009 0.0470309 0.0554709 0.0404577 0.0596927 0.0467324 0.0666173 0.0420101 0.0160452 0.0162764 0.0389413 0.0382937 0.0412636 0.0252479 0.0096025 0.0221831 -0.0387359 -0.0523263 0.0328660 0.0335694 0.0417132 -0.0070054 0.0197125 -0.1115716 0.0260820 -0.0105586 0.0120930 0.0110669 0.0378205 -0.0655719 0.0255023 -0.0837822 -0.2619264 -0.2676831 -0.2626605 -0.2626109 -0.2614438 -0.2611279 -0.2604731 -0.2654547 -0.2651098 -0.2700539 -0.2687565 -0.2686795 -0.2713337 -0.2714730 -0.2719223 -0.2684082 -0.2719531 -0.2703801
0.0658681 0.0672549 0.0662397 0.0649756 0.0646461 0.0678455 0.0679721 0.0686202 0.0639507 0.0630232 0.0599976 0.0599666 0.0632019 0.0585303 0.0676948 0.0716183 -0.0194251 -0.0080020 -0.0032301 -0.0147623 -0.0185441 -0.0001413 -0.0186687 -0.0012358 0.0757117 0.8552741 0.1085411 0.0659692 0.0811118 0.0747740 0.0846026 0.0760542 0.0845410 0.0575638 0.0642275 0.0831963 0.0689042 0.0704206 0.0733815 0.0778074 0.0522927 0.0601485 0.0669696 0.0518387 0.0557151 0.0696245 0.0585076 0.0596902 0.0028683 0.0503777 0.0335716 0.0175431 0.0417129 0.0449430 0.0508996 0.0188520 0.0258126 0.0290966 0.0664819 0.0394679 0.0763851 0.0628678 0.0622979 0.0564775 0.0488561 0.0538582 0.0377965 0.0600168 0.0423335 0.0654399 0.0404479 0.0168346 0.0238820 0.0431248 0.0451849 0.0355913 0.0291900 0.0077219 0.0293998 -0.0326720 -0.0445167 0.0399585 0.0306197 0.0445723 0.0026017 0.0297597 -0.1174729 0.0270848 -0.0101885 0.0158124 0.0164755 0.0413058 -0.0589448 0.0242312 -0.0762330 -0.2544487 -0.2614889 -0.2586820 -0.2552449 -0.2569350 -0.2547801 -0.2585615 -0.2599106 -0.2599273 -0.2642271 -0.2629515 -0.2639144 -0.2639634 -0.2628509 -0.2674643 -0.2643613 -0.2643868 -0.2649610
0.0703478 0.0735691 0.0748647 0.0725275 0.0737223 0.0739524 0.0750932 0.0740223 0.0724684 0.0692733 0.0681171 0.0699997 0.0740099 0.0684198 0.0758317 0.0769181 -0.0165437 -0.0003212 0.0037162 -0.0096347 -0.0100536 0.0033341 -0.0129915 -0.0045484 0.0786867 0.1085411 0.8513011 0.0719767 0.0768303 0.0832080 0.0825915 0.0810995 0.0802233 0.0575191 0.0645620 0.0772910 0.0732753 0.0687297 0.0731515 0.0772058 0.0543784 0.0590263 0.0691289 0.0567783 0.0586709 0.0662122 0.0597560 0.0585090 -0.0012987 0.0462706 0.0262642 0.0203695 0.0344234 0.0369973 0.0422984 0.0166205 0.0224604 0.0307896 0.0635201 0.0434338 0.0699756 0.0594850 0.0587393 0.0612021 0.0521940 0.0497080 0.0393815 0.0584861 0.0423840 0.0680000 0.0460893 0.0159201 0.0151199 0.0419501 0.0438726 0.0393315 0.0247913 0.0060338 0.0269260 -0.0453201 -0.0509827 0.0381420 0.0309667 0.0392215 0.0025743 0.0237787 -0.1107769 0.0228764 -0.0111076 0.0099298 0.0096148 0.0372589 -0.0603222 0.0279099 -0.0766116 -0.2609447 -0.2667062 -0.2630117 -0.2594074 -0.2617230 -0.2587785 -0.2615180 -0.2625669 -0.2645332 -0.2674224 -0.2666955 -0.2689043 -0.2684582 -0.2687035 -0.2701375 -0.2675153 -0.2698739 -0.2685837
0.0556258 0.0586315 0.0621229 0.0614650 0.0584571 0.0594542 0.0619873 0.0604502 0.0607075 0.0595691 0.0578795 0.0580637 0.0592355 0.0593659 0.0620879 0.0621850 -0.0129415 -0.0042401 -0.0048213 -0.0138738 -0.0197310 0.0020382 -0.0165685 -0.0029580 0.0882907 0.0659692 0.0719767 0.8605303 0.1008435 0.0845497 0.0840555 0.0925481 0.0667921 0.0527618 0.0571054 0.0744266 0.0689537 0.0651795 0.0672487 0.0606292 0.0563016 0.0571296 0.0664444 0.0506838 0.0529608 0.0686858 0.0649678 0.0593394 -0.0033407 0.0398737 0.0341531 0.0191607 0.0375124 0.0446111 0.0406119 0.0134588 0.0247394 0.0236902 0.0615276 0.0315012 0.0649656 0.0574162 0.0579975 0.0535060 0.0448528 0.0484174 0.0312256 0.0597578 0.0422957 0.0635399 0.0364820 0.0191239 0.0263304 0.0338448 0.0372577 0.0339524 0.0227975 0.0051826 0.0202336 -0.0372411 -0.0438045 0.0327127 0.0295701 0.0366367 -0.0024897 0.0214960 -0.1028564 0.0228864 -0.0173227 0.0118784 0.0120420 0.0290551 -0.0636036 0.0219010 -0.0746068 -0.2386679 -0.2438857 -0.2425611 -0.2376032 -0.2373355 -0.2364892 -0.2389958 -0.2416335 -0.2436599 -0.2485149 -0.2448728 -0.2461544 -0.2472258 -0.2453852 -0.2488749 -0.2455987 -0.2485471 -0.2485818
0.0591617 0.0621130 0.0608393 0.0615896 0.0595832 0.0623286 0.0620665 0.0610558 0.0605581 0.0584557 0.0581482 0.0576438 0.0604218 0.0603591 0.0638945 0.0660528 -0.0220846 -0.0018683 -0.0062620 -0.0172599 -0.0234045 -0.0074185 -0.0191424 -0.0097818 0.1002854 0.0811118 0.0768303 0.1008435 0.8558264 0.0951339 0.0911390 0.1013795 0.0737229 0.0557686 0.0606175 0.0752930 0.0668886 0.0702070 0.0724310 0.0690347 0.0533312 0.0502333 0.0667375 0.0526593 0.0529317 0.0641898 0.0547074 0.0601057 0.0103632 0.0427108 0.0334701 0.0101822 0.0389483 0.0441568 0.0434006 0.0185377 0.0247129 0.0312672 0.0646020 0.0355634 0.0726201 0.0624059 0.0621252 0.0597415 0.0478436 0.0544385 0.0393666 0.0593403 0.0428920 0.0657745 0.0411057 0.0198792 0.0209379 0.0407034 0.0406524 0.0354701 0.0256081 0.0074371 0.0276710 -0.0344392 -0.0421387 0.0384650 0.0278973 0.0411726 -0.0015474 0.0186943 -0.1087969 0.0207163 -0.0105249 0.0179267 0.0186057 0.0347787 -0.0628769 0.0240292 -0.0752300 -0.2464206 -0.2539131 -0.2506320 -0.2487155 -0.2488024 -0.2472674 -0.2493892 -0.2529019 -0.2529698 -0.2561406 -0.2569067 -0.2555376 -0.2573324 -0.2570402 -0.2585172 -0.2570806 -0.2579176 -0.2580641
0.0564875 0.0594314 0.0604122 0.0588311 0.0569949 0.0604968 0.0622697 0.0584800 0.0585169 0.0545018 0.0524177 0.0525007 0.0564256 0.0536918 0.0616900 0.0626480 -0.0242900 -0.0113317 -0.0131766 -0.0237388 -0.0326378 -0.0141991 -0.0249431 -0.0157964 0.1114819 0.0747740 0.0832080 0.0845497 0.0951339 0.8558555 0.1135067 0.0925615 0.0754618 0.0584067 0.0676641 0.0798943 0.0743344 0.0814034 0.0726582 0.0774556 0.0524586 0.0601187 0.0774352 0.0573211 0.0613116 0.0685308 0.0617677 0.0741339 0.0045158 0.0442358 0.0304536 0.0203384 0.0398682 0.0422673 0.0534268 0.0206275 0.0246869 0.0301015 0.0671965 0.0370358 0.0774646 0.0683898 0.0694853 0.0652794 0.0513479 0.0581423 0.0447111 0.0746173 0.0539623 0.0738093 0.0484311 0.0194205 0.0266660 0.0382782 0.0392440 0.0488670 0.0253032 0.0121049 0.0285579 -0.0360652 -0.0418565 0.0448329 0.0363631 0.0430103 0.0038620 0.0293567 -0.1137396 0.0289671 -0.0101250 0.0228443 0.0230128 0.0407304 -0.0620431 0.0294550 -0.0785595 -0.2582172 -0.2661484 -0.2614982 -0.2600996 -0.2600192 -0.2580513 -0.2596995 -0.2627402 -0.2629291 -0.2677923 -0.2668802 -0.2671193 -0.2668679 -0.2690043 -0.2684891 -0.2680162 -0.2692999 -0.2690949
0.0674595 0.0696098 0.0717157 0.0683442 0.0697900 0.0667705 0.0702840 0.0692250 0.0669697 0.0640199 0.0633746 0.0630807 0.0661439 0.0627143 0.0720353 0.0733999 -0.0256791 -0.0082863 -0.0087760 -0.0232822 -0.0235402 -0.0078113 -0.0178821 -0.0127605 0.1130805 0.0846026 0.0825915 0.0840555 0.0911390 0.1135067 0.8538134 0.0941836 0.0860714 0.0626340 0.0705892 0.0889850 0.0799630 0.0829485 0.0827299 0.0835014 0.0609496 0.0624231 0.0800648 0.0598359 0.0643563 0.0795115 0.0638681 0.0735371 -0.0033822 0.0543974 0.0353690 0.0277181 0.0439586 0.0454254 0.0546864 0.0249433 0.0237275 0.0298675 0.0798233 0.0401678 0.0755272 0.0663182 0.0665371 0.0599054 0.0550174 0.0593135 0.0465611 0.0741007 0.0522556 0.0806409 0.0476405 0.0171845 0.0250498 0.0467544 0.0477884 0.0423559 0.0287145 0.0098203 0.0288473 -0.0382090 -0.0494300 0.0419931 0.0358431 0.0474129 -0.0010114 0.0274003 -0.1174897 0.0307195 -0.0098747 0.0231346 0.0233861 0.0435470 -0.0706068 0.0390938 -0.0857659 -0.2779083 -0.2844798 -0.2786269 -0.2784663 -0.2780161 -0.2757159 -0.2789206 -0.2810724 -0.2828280 -0.2857508 -0.2855650 -0.2853431 -0.2858108 -0.2868690 -0.2866970 -0.2871413 -0.2871124 -0.2863079
0.0558244 0.0605379 0.0584050 0.0586005 0.0571970 0.0567296 0.0602042 0.0589937 0.0591966 0.0554828 0.0518137 0.0538917 0.0571343 0.0550501 0.0591529 0.0649869 -0.0287032 -0.0110318 -0.0129037 -0.0229457 -0.0308091 -0.0109228 -0.0231185 -0.0114049 0.0930640 0.0760542 0.0810995 0.0925481 0.1013795 0.0925615 0.0941836 0.8536161 0.0800739 0.0555674 0.0594635 0.0816088 0.0710956 0.0696887 0.0743577 0.0684374 0.0497353 0.0565846 0.0679334 0.0522824 0.0547447 0.0684918 0.0594835 0.0621971 0.0000194 0.0467892 0.0291104 0.0226710 0.0341591 0.0461861 0.0481937 0.0236428 0.0250641 0.0324696 0.0626156 0.0412472 0.0710945 0.0675140 0.0677766 0.0560566 0.0479201 0.0528280 0.0462268 0.0625052 0.0479969 0.0689845 0.0514247 0.0207950 0.0242135 0.0356742 0.0381944 0.0441192 0.0290606 0.0103931 0.0240900 -0.0324538 -0.0410353 0.0392319 0.0293884 0.0404008 0.0024387 0.0241993 -0.1051133 0.0223446 -0.0063425 0.0111894 0.0121006 0.0357175 -0.0570761 0.0359503 -0.0737217 -0.2487581 -0.2540597 -0.2496816 -0.2487507 -0.2475313 -0.2472181 -0.2490574 -0.2517165 -0.2523291 -0.2554794 -0.2551801 -0.2568652 -0.2575054 -0.2582190 -0.2587406 -0.2575753 -0.2581722 -0.2570158
0.0679612 0.0676194 0.0699702 0.0691307 0.0677235 0.0706833 0.0717934 0.0716039 0.0686138 0.0671166 0.0631401 0.0647893 0.0692134 0.0634381 0.0718928 0.0782511 -0.0266459 -0.0069885 -0.0095887 -0.0193009 -0.0296611 -0.0080729 -0.0208920 -0.0138922 0.0835212 0.0845410 0.0802233 0.0667921 0.0737229 0.0754618 0.0860714 0.0800739 0.8530164 0.0631138 0.0777435 0.0964162 0.0775071 0.0875148 0.0910326 0.0897736 0.0593237 0.0683654 0.0819115 0.0630125 0.0659204 0.0707380 0.0621329 0.0772538 0.0042003 0.0609207 0.0388521 0.0216135 0.0452003 0.0471759 0.0530704 0.0256835 0.0295213 0.0333280 0.0802685 0.0417977 0.0793112 0.0710321 0.0700069 0.0672675 0.0591965 0.0631951 0.0512886 0.0758762 0.0529758 0.0753606 0.0504824 0.0227764 0.0234276 0.0518990 0.0486090 0.0444095 0.0338314 0.0138191 0.0308929 -0.0352831 -0.0442285 0.0433002 0.0361425 0.0471824 0.0039974 0.0354657 -0.1213744 0.0358311 -0.0054184 0.0218619 0.0218706 0.0440083 -0.0683912 0.0279172 -0.0740036 -0.2819076 -0.2847152 -0.2831198 -0.2821680 -0.2812888 -0.2792366 -0.2810797 -0.2850440 -0.2855421 -0.2904957 -0.2889720 -0.2898752 -0.2898885 -0.2908988 -0.2913898 -0.2888313 -0.2894277 -0.2905903
0.0546684 0.0566034 0.0569240 0.0554891 0.0560297 0.0557551 0.0580026 0.0575021 0.0561041 0.0541822 0.0528000 0.0539347 0.0555302 0.0542465 0.0569798 0.0572334 -0.0083214 0.0035444 0.0024701 -0.0045365 -0.0096806 0.0046616 -0.0058740 0.0006736 0.0578121 0.0575638 0.0575191 0.0527618 0.0557686 0.0584067 0.0626340 0.0555674 0.0631138 0.9236833 0.0516367 0.0621484 0.0555286 0.0558821 0.0587066 0.0578731 0.0442679 0.0462798 0.0549975 0.0433332 0.0468631 0.0526436 0.0468163 0.0517908 0.0043283 0.0398139 0.0288332 0.0163326 0.0320736 0.0327844 0.0376324 0.0175449 0.0206981 0.0234451 0.0534910 0.0316081 0.0560687 0.0498568 0.0497080 0.0451460 0.0399546 0.0436579 0.0339615 0.0525645 0.0360044 0.0523152 0.0354535 0.0159525 0.0187225 0.0358591 0.0353411 0.0317375 0.0243067 0.0104398 0.0244190 -0.0270860 -0.0318875 0.0302788 0.0261831 0.0344655 0.0033605 0.0219000 -0.0811722 0.0233137 -0.0048902 0.0182461 0.0179038 0.0318166 -0.0444450 0.0230868 -0.0556901 -0.1949609 -0.1990449 -0.1965098 -0.1954460 -0.1950020 -0.1928464 -0.1949947 -0.1972312 -0.1984564 -0.2019930 -0.2007008 -0.2021294 -0.2016996 -0.2027448 -0.2035656 -0.2022420 -0.2037202 -0.2026768
