0.8523624 0.1383655 0.1016338 0.1263048 0.1023194 0.0996944 0.1041227 0.1063860 0.0999132 0.0972447 0.0925865 0.1019118 0.0957786 0.0939220 0.0995720 0.0995848 -0.0024590 0.0162007 0.0137649 0.0062075 0.0019300 0.0247178 0.0033429 0.0147733 0.0763279 0.0748615 0.0750638 0.0637758 0.0697115 0.0718783 0.0805317 0.0691007 0.0805932 0.0625278 0.0656652 0.0807458 0.0716729 0.0721524 0.0768618 0.0725414 0.0543747 0.0574927 0.0661512 0.0535116 0.0628096 0.0682558 0.0595715 0.0606711 -0.0038330 0.0467336 0.0290558 0.0151245 0.0300450 0.0384894 0.0382045 0.0174447 0.0168849 0.0215335 0.0629283 0.0345189 0.0674044 0.0548264 0.0544348 0.0545645 0.0384181 0.0528088 0.0326294 0.0609318 0.0334969 0.0644703 0.0343981 0.0093728 0.0135609 0.0419119 0.0350320 0.0318594 0.0257325 0.0030250 0.0222645 -0.0530065 -0.0591821 0.0266803 0.0231350 0.0353019 -0.0096432 0.0126514 -0.1220085 0.0182735 -0.0198861 0.0042399 0.0045746 0.0306697 -0.0659031 0.0185761 -0.0923967 -0.2767722 -0.2812055 -0.2791496 -0.2783939 -0.2773506 -0.2760610 -0.2766147 -0.2791784 -0.2802981 -0.2835068 -0.2842897 -0.2834663 -0.2836193 -0.2848711 -0.2859264 -0.2839301 -0.2861258 -0.2839076
0.1383655 0.8591338 0.1041617 0.1356345 0.1034147 0.1057491 0.1089839 0.1078049 0.1018700 0.1004092 0.0978058 0.1026982 0.1040500 0.0989811 0.1018910 0.1034036 -0.0060779 0.0202086 0.0184354 0.0088834 -0.0023692 0.0238235 0.0051603 0.0099100 0.0776781 0.0764666 0.0783816 0.0668911 0.0727763 0.0750672 0.0825382 0.0740079 0.0801343 0.0648114 0.0663084 0.0825573 0.0726072 0.0762113 0.0802965 0.0763601 0.0576703 0.0590061 0.0676673 0.0579045 0.0641244 0.0704939 0.0564780 0.0588577 -0.0043039 0.0518678 0.0293668 0.0145829 0.0312632 0.0379233 0.0394063 0.0175133 0.0148633 0.0235601 0.0648403 0.0365951 0.0668051 0.0576444 0.0576790 0.0554979 0.0427116 0.0544793 0.0369085 0.0591761 0.0333348 0.0661938 0.0350179 0.0090524 0.0140097 0.0417434 0.0362287 0.0371466 0.0237474 0.0017506 0.0248634 -0.0565013 -0.0605965 0.0268619 0.0231853 0.0337180 -0.0130367 0.0141185 -0.1249765 0.0214496 -0.0214134 0.0025735 0.0017912 0.0330459 -0.0689526 0.0225213 -0.0931968 -0.2856109 -0.2907884 -0.2874350 -0.2868120 -0.2864765 -0.2861048 -0.2850423 -0.2908509 -0.2899089 -0.2931158 -0.2913262 -0.2941177 -0.2922881 -0.2939319 -0.2938955 -0.2932934 -0.2954740 -0.2931292
0.1016338 0.1041617 0.8498303 0.1013501 0.1372285 0.1341751 0.1530277 0.1387023 0.1021020 0.1014022 0.0957182 0.1011574 0.1021079 0.0987088 0.1040094 0.1034048 -0.0014929 0.0152677 0.0193013 0.0034306 -0.0014557 0.0229628 0.0037723 0.0101693 0.0768314 0.0765045 0.0805223 0.0713436 0.0725512 0.0777995 0.0862645 0.0731164 0.0840637 0.0658135 0.0697980 0.0870910 0.0776153 0.0742995 0.0805106 0.0794210 0.0619557 0.0631251 0.0674977 0.0556047 0.0674555 0.0754188 0.0600547 0.0604967 -0.0070568 0.0472148 0.0334348 0.0138209 0.0330506 0.0389293 0.0402053 0.0181846 0.0193400 0.0224568 0.0622964 0.0356894 0.0684138 0.0564513 0.0580295 0.0514167 0.0389496 0.0493778 0.0353480 0.0603361 0.0343199 0.0638430 0.0349790 0.0110171 0.0142858 0.0441522 0.0394756 0.0346256 0.0240112 0.0006593 0.0244556 -0.0586729 -0.0660015 0.0288699 0.0266857 0.0347055 -0.0117559 0.0158660 -0.1246920 0.0140521 -0.0228241 0.0053267 0.0049783 0.0322216 -0.0714874 0.0205946 -0.0972211 -0.2892900 -0.2947063 -0.2920428 -0.2895126 -0.2888412 -0.2874682 -0.2892229 -0.2915187 -0.2938147 -0.2971574 -0.2962070 -0.2973666 -0.2964691 -0.2971322 -0.2988388 -0.2970302 -0.2992423 -0.2986428
0.1263048 0.1356345 0.1013501 0.8604702 0.0982028 0.1005688 0.1006870 0.1040074 0.0989476 0.0935053 0.0942481 0.0963312 0.0940919 0.0944756 0.0987060 0.0998512 -0.0017689 0.0167306 0.0165073 0.0043250 -0.0028982 0.0217078 0.0047167 0.0130071 0.0772834 0.0738540 0.0773012 0.0695160 0.0718363 0.0740236 0.0809876 0.0715318 0.0814437 0.0630024 0.0672655 0.0799084 0.0725916 0.0758718 0.0778250 0.0753097 0.0572835 0.0602410 0.0714497 0.0575693 0.0657635 0.0700647 0.0573616 0.0605922 -0.0029167 0.0494666 0.0333369 0.0140145 0.0310844 0.0386552 0.0422877 0.0172624 0.0182247 0.0247718 0.0644343 0.0383112 0.0652499 0.0555634 0.0569509 0.0555331 0.0429282 0.0504908 0.0328296 0.0621550 0.0334536 0.0667597 0.0352346 0.0127253 0.0130086 0.0425796 0.0380351 0.0340624 0.0250282 0.0038624 0.0242604 -0.0543351 -0.0589678 0.0277620 0.0276327 0.0370076 -0.0115436 0.0130688 -0.1231121 0.0193981 -0.0209951 0.0050784 0.0058660 0.0340388 -0.0672771 0.0206821 -0.0905346 -0.2795959 -0.2835574 -0.2800353 -0.2792595 -0.2801174 -0.2777541 -0.2789049 -0.2824102 -0.2831514 -0.2873825 -0.2855350 -0.2866850 -0.2864202 -0.2865394 -0.2873443 -0.2853539 -0.2890772 -0.2851859
0.1023194 0.1034147 0.1372285 0.0982028 0.8548368 0.1437926 0.1493297 0.1432880 0.0992438 0.0975198 0.0934080 0.0994154 0.0983624 0.0960960 0.1000326 0.1026644 -0.0054312 0.0178008 0.0151675 0.0052367 -0.0016962 0.0229623 0.0050496 0.0112718 0.0794765 0.0760918 0.0799709 0.0687293 0.0726693 0.0760908 0.0857542 0.0735211 0.0834918 0.0653317 0.0657984 0.0859404 0.0745464 0.0759703 0.0826498 0.0765655 0.0635239 0.0624528 0.0673296 0.0569933 0.0666337 0.0716322 0.0612526 0.0581265 -0.0037650 0.0493732 0.0308354 0.0172851 0.0309237 0.0397677 0.0398780 0.0171106 0.0177717 0.0230968 0.0636994 0.0313002 0.0689998 0.0606927 0.0587147 0.0535170 0.0440136 0.0536041 0.0354796 0.0582904 0.0352032 0.0692414 0.0352591 0.0089691 0.0123508 0.0440973 0.0398867 0.0359253 0.0238604 0.0004585 0.0243007 -0.0577884 -0.0657834 0.0288008 0.0238900 0.0342658 -0.0095142 0.0168661 -0.1246828 0.0165070 -0.0201496 0.0062953 0.0062515 0.0341025 -0.0701525 0.0178968 -0.0927616 -0.2883037 -0.2920175 -0.2887391 -0.2872496 -0.2873012 -0.2856651 -0.2869784 -0.2893148 -0.2901730 -0.2942101 -0.2947820 -0.2951322 -0.2944776 -0.2958662 -0.2961709 -0.2945262 -0.2978427 -0.2945741
0.0996944 0.1057491 0.1341751 0.1005688 0.1437926 0.8559431 0.1463334 0.1407050 0.1004222 0.0991581 0.0944706 0.1025532 0.0986082 0.0973179 0.1018184 0.1037834 -0.0033659 0.0156541 0.0174208 0.0052197 -0.0021255 0.0220369 0.0037968 0.0105422 0.0803384 0.0784356 0.0798831 0.0690738 0.0747482 0.0783556 0.0818854 0.0721846 0.0852553 0.0650018 0.0648783 0.0829327 0.0706801 0.0714984 0.0759361 0.0764208 0.0611042 0.0610166 0.0700725 0.0555192 0.0668279 0.0713766 0.0603305 0.0569873 -0.0050400 0.0465437 0.0277148 0.0165812 0.0308048 0.0395376 0.0377840 0.0191487 0.0134811 0.0213257 0.0608171 0.0325323 0.0677124 0.0558974 0.0564704 0.0547571 0.0419328 0.0535445 0.0345114 0.0566989 0.0370159 0.0675444 0.0319124 0.0085933 0.0119979 0.0425400 0.0380005 0.0343515 0.0245986 -0.0017972 0.0246890 -0.0573959 -0.0666649 0.0286100 0.0265383 0.0350895 -0.0124063 0.0188801 -0.1244043 0.0147711 -0.0208294 0.0024870 0.0013384 0.0330219 -0.0688372 0.0164594 -0.0922280 -0.2871631 -0.2903948 -0.2894649 -0.2871935 -0.2865670 -0.2852840 -0.2866146 -0.2902184 -0.2890711 -0.2956598 -0.2930072 -0.2939363 -0.2950584 -0.2958909 -0.2948492 -0.2930599 -0.2949787 -0.2956666
0.1041227 0.1089839 0.1530277 0.1006870 0.1493297 0.1463334 0.8553867 0.1543534 0.1036065 0.1031462 0.0977640 0.1058259 0.1024957 0.1038228 0.1024383 0.1066685 -0.0057241 0.0175288 0.0195469 0.0089534 -0.0013417 0.0228997 0.0049154 0.0072976 0.0795793 0.0783833 0.0806999 0.0711953 0.0741538 0.0797565 0.0852410 0.0753230 0.0858312 0.0673502 0.0698877 0.0866713 0.0727727 0.0767991 0.0819867 0.0820201 0.0625806 0.0607892 0.0692489 0.0571520 0.0660335 0.0717951 0.0606984 0.0584660 -0.0046990 0.0482759 0.0309441 0.0150978 0.0306411 0.0401823 0.0374466 0.0184036 0.0188104 0.0216242 0.0613874 0.0291318 0.0667115 0.0593102 0.0583182 0.0555995 0.0447324 0.0555208 0.0382020 0.0592310 0.0355035 0.0700733 0.0338490 0.0093175 0.0122043 0.0441905 0.0401722 0.0361226 0.0244721 0.0008852 0.0239394 -0.0590728 -0.0668041 0.0285121 0.0268478 0.0330854 -0.0116690 0.0164683 -0.1296412 0.0142798 -0.0220794 0.0045838 0.0043542 0.0313776 -0.0727754 0.0161926 -0.0988218 -0.2953914 -0.3008186 -0.2974482 -0.2971421 -0.2963478 -0.2933422 -0.2965823 -0.2994021 -0.2990041 -0.3039054 -0.3022324 -0.3047503 -0.3023413 -0.3047777 -0.3045132 -0.3039798 -0.3026745 -0.3038001
0.1063860 0.1078049 0.1387023 0.1040074 0.1432880 0.1407050 0.1543534 0.8572649 0.1046358 0.1002617 0.0974439 0.1069294 0.1003659 0.1020130 0.1046669 0.1049011 -0.0041427 0.0151336 0.0206290 0.0067120 -0.0010373 0.0248566 0.0049151 0.0074221 0.0802664 0.0800479 0.0803108 0.0707064 0.0743189 0.0772633 0.0852496 0.0753477 0.0871561 0.0669796 0.0683441 0.0872203 0.0750765 0.0770589 0.0821493 0.0798718 0.0638475 0.0615935 0.0706951 0.0583073 0.0649827 0.0745447 0.0600314 0.0602925 -0.0049337 0.0493473 0.0287791 0.0195336 0.0307699 0.0414797 0.0414596 0.0177822 0.0181467 0.0196485 0.0609163 0.0337977 0.0697697 0.0586590 0.0588749 0.0531192 0.0427628 0.0550416 0.0358343 0.0600959 0.0376881 0.0682055 0.0357864 0.0116118 0.0128260 0.0467943 0.0394021 0.0370667 0.0260647 0.0004623 0.0251056 -0.0582007 -0.0659177 0.0281663 0.0273742 0.0359222 -0.0081585 0.0169965 -0.1276636 0.0195727 -0.0216784 0.0053297 0.0046767 0.0335722 -0.0712820 0.0202492 -0.0941304 -0.2943478 -0.2988234 -0.2956333 -0.2942763 -0.2947364 -0.2929171 -0.2944618 -0.2978758 -0.2984799 -0.3020364 -0.3017050 -0.3014119 -0.3021120 -0.3027636 -0.3036772 -0.3013134 -0.3037830 -0.3022715
0.0999132 0.1018700 0.1021020 0.0989476 0.0992438 0.1004222 0.1036065 0.1046358 0.8579212 0.1310319 0.1334004 0.1324629 0.1341880 0.1287761 0.1065963 0.1086430 -0.0047350 0.0169130 0.0169185 0.0098380 -0.0025275 0.0216634 0.0065027 0.0108636 0.0803645 0.0755421 0.0788795 0.0711377 0.0738970 0.0778383 0.0833877 0.0756668 0.0845004 0.0656490 0.0659778 0.0841380 0.0732900 0.0748982 0.0780558 0.0771880 0.0607137 0.0561996 0.0674529 0.0617007 0.0688299 0.0722236 0.0633924 0.0612318 -0.0046225 0.0486873 0.0329058 0.0114233 0.0300007 0.0400279 0.0448949 0.0190383 0.0161034 0.0252895 0.0617440 0.0347479 0.0668881 0.0579926 0.0590585 0.0533674 0.0420565 0.0560232 0.0370713 0.0612198 0.0368235 0.0692477 0.0358893 0.0107715 0.0180576 0.0423491 0.0377663 0.0340189 0.0202788 0.0018455 0.0253424 -0.0566888 -0.0603098 0.0298733 0.0211412 0.0376016 -0.0128359 0.0148976 -0.1219883 0.0201108 -0.0211628 0.0000218 0.0004790 0.0354098 -0.0721568 0.0201919 -0.0945887 -0.2905480 -0.2941658 -0.2904771 -0.2898763 -0.2890790 -0.2886832 -0.2899011 -0.2929347 -0.2938024 -0.2969185 -0.2968566 -0.2958320 -0.2969954 -0.2980384 -0.2974343 -0.2978842 -0.3006290 -0.2969154
0.0972447 0.1004092 0.1014022 0.0935053 0.0975198 0.0991581 0.1031462 0.1002617 0.1310319 0.8538002 0.1218429 0.1298469 0.1427765 0.1280419 0.0997060 0.1036616 -0.0061831 0.0160059 0.0134296 0.0094757 -0.0022797 0.0203573 0.0049959 0.0123759 0.0765184 0.0742753 0.0753459 0.0696806 0.0715377 0.0734926 0.0799116 0.0716251 0.0826830 0.0636202 0.0662096 0.0833429 0.0684934 0.0716810 0.0787096 0.0771034 0.0570007 0.0569996 0.0668435 0.0597932 0.0649279 0.0683831 0.0589964 0.0601386 -0.0067578 0.0479519 0.0305343 0.0163136 0.0303721 0.0410898 0.0380754 0.0187415 0.0160452 0.0215972 0.0598509 0.0332114 0.0657230 0.0560684 0.0551190 0.0497946 0.0425127 0.0527866 0.0344424 0.0595735 0.0337921 0.0635139 0.0323231 0.0101560 0.0157790 0.0399900 0.0355904 0.0335120 0.0208482 0.0011288 0.0243610 -0.0545108 -0.0630134 0.0280022 0.0234500 0.0361369 -0.0136183 0.0165753 -0.1212696 0.0153237 -0.0215959 0.0017579 0.0026912 0.0323255 -0.0695097 0.0170158 -0.0902599 -0.2828657 -0.2859039 -0.2848679 -0.2817618 -0.2809950 -0.2795997 -0.2822717 -0.2838648 -0.2853107 -0.2888699 -0.2888685 -0.2891409 -0.2879839 -0.2898075 -0.2904000 -0.2887596 -0.2908059 -0.2896944
0.0925865 0.0978058 0.0957182 0.0942481 0.0934080 0.0944706 0.0977640 0.0974439 0.1334004 0.1218429 0.8672633 0.1342271 0.1276140 0.1236162 0.1018351 0.1013249 -0.0038957 0.0163558 0.0181566 0.0061828 -0.0015208 0.0198460 0.0049724 0.0094179 0.0749840 0.0731007 0.0756429 0.0697475 0.0730992 0.0737216 0.0814592 0.0701963 0.0811113 0.0628061 0.0650101 0.0828438 0.0724470 0.0724602 0.0779460 0.0740992 0.0590276 0.0584274 0.0680659 0.0586638 0.0647322 0.0705611 0.0589207 0.0591612 -0.0043958 0.0463116 0.0333082 0.0134938 0.0309470 0.0374594 0.0411641 0.0179312 0.0169716 0.0247851 0.0636678 0.0365498 0.0651708 0.0555171 0.0559283 0.0524846 0.0411087 0.0533736 0.0356698 0.0592102 0.0346513 0.0628991 0.0335844 0.0090410 0.0160523 0.0415110 0.0385671 0.0334101 0.0217817 0.0033492 0.0216535 -0.0536307 -0.0596142 0.0279227 0.0253418 0.0355322 -0.0127264 0.0141192 -0.1192271 0.0187496 -0.0225223 0.0044803 0.0051808 0.0354467 -0.0706000 0.0212978 -0.0910834 -0.2779899 -0.2830894 -0.2802325 -0.2777750 -0.2784978 -0.2771617 -0.2784550 -0.2813871 -0.2815832 -0.2838578 -0.2851379 -0.2856008 -0.2855271 -0.2873949 -0.2867978 -0.2878093 -0.2897751 -0.2861010
0.1019118 0.1026982 0.1011574 0.0963312 0.0994154 0.1025532 0.1058259 0.1069294 0.1324629 0.1298469 0.1342271 0.8631532 0.1343806 0.1297685 0.1008422 0.1073940 -0.0057490 0.0178106 0.0170013 0.0077230 -0.0036839 0.0224800 0.0058361 0.0091111 0.0755886 0.0724961 0.0770860 0.0694012 0.0719585 0.0730972 0.0809059 0.0717903 0.0819861 0.0642211 0.0690369 0.0858465 0.0730184 0.0717632 0.0787138 0.0750337 0.0605669 0.0574475 0.0701169 0.0582591 0.0673905 0.0692299 0.0617012 0.0583981 -0.0079356 0.0457900 0.0309153 0.0136176 0.0321539 0.0409205 0.0404243 0.0158843 0.0168541 0.0272297 0.0612335 0.0323315 0.0639108 0.0553013 0.0562332 0.0507525 0.0423902 0.0522973 0.0367125 0.0588738 0.0349964 0.0669054 0.0355905 0.0082239 0.0153881 0.0390322 0.0355321 0.0350326 0.0212655 -0.0009293 0.0243133 -0.0537883 -0.0617005 0.0272798 0.0237882 0.0328160 -0.0158236 0.0146811 -0.1198497 0.0161067 -0.0223772 0.0023159 0.0024907 0.0309625 -0.0684649 0.0157945 -0.0936926 -0.2857516 -0.2887276 -0.2859857 -0.2848402 -0.2849610 -0.2841388 -0.2850344 -0.2867102 -0.2896077 -0.2905780 -0.2906642 -0.2914588 -0.2919559 -0.2921298 -0.2923842 -0.2927274 -0.2945513 -0.2929511
0.0957786 0.1040500 0.1021079 0.0940919 0.0983624 0.0986082 0.1024957 0.1003659 0.1341880 0.1427765 0.1276140 0.1343806 0.8611297 0.1358372 0.1032940 0.1046715 -0.0081735 0.0170970 0.0167891 0.0069074 -0.0030788 0.0225451 0.0048390 0.0095935 0.0765174 0.0746420 0.0803036 0.0695104 0.0734423 0.0754027 0.0822867 0.0733501 0.0849347 0.0651995 0.0643011 0.0839785 0.0741157 0.0757508 0.0808287 0.0755800 0.0583787 0.0572781 0.0695656 0.0625947 0.0662172 0.0711591 0.0630417 0.0579304 -0.0056822 0.0492224 0.0281498 0.0175645 0.0341754 0.0365642 0.0421225 0.0171326 0.0157113 0.0243398 0.0638157 0.0334751 0.0690286 0.0564936 0.0574064 0.0505431 0.0453654 0.0543074 0.0346289 0.0588261 0.0347123 0.0662699 0.0340494 0.0109279 0.0132136 0.0432707 0.0374216 0.0357501 0.0221172 0.0025662 0.0249520 -0.0583929 -0.0636059 0.0268142 0.0217436 0.0366122 -0.0145307 0.0140848 -0.1239163 0.0163953 -0.0223442 0.0011441 0.0021855 0.0333422 -0.0731626 0.0190747 -0.0951034 -0.2882198 -0.2928250 -0.2898653 -0.2862813 -0.2864747 -0.2861386 -0.2881973 -0.2904414 -0.2916225 -0.2946147 -0.2953768 -0.2943256 -0.2958220 -0.2970816 -0.2968944 -0.2950722 -0.2986332 -0.2961723
0.0939220 0.0989811 0.0987088 0.0944756 0.0960960 0.0973179 0.1038228 0.1020130 0.1287761 0.1280419 0.1236162 0.1297685 0.1358372 0.8631915 0.1034523 0.0983971 -0.0022529 0.0178406 0.0190064 0.0053732 -0.0019000 0.0232129 0.0040444 0.0117485 0.0779402 0.0699876 0.0747813 0.0695842 0.0734571 0.0724031 0.0787154 0.0713429 0.0788134 0.0637256 0.0653851 0.0834019 0.0729071 0.0718264 0.0772593 0.0772918 0.0573724 0.0585979 0.0696400 0.0589927 0.0646913 0.0705469 0.0607137 0.0607546 -0.0054398 0.0470628 0.0302298 0.0146064 0.0300307 0.0369011 0.0408316 0.0189115 0.0143283 0.0237057 0.0629166 0.0340488 0.0669049 0.0552853 0.0558710 0.0523004 0.0425675 0.0517321 0.0335433 0.0609203 0.0349150 0.0641657 0.0328419 0.0076943 0.0145163 0.0419706 0.0384081 0.0370638 0.0242234 0.0013684 0.0231353 -0.0564988 -0.0618040 0.0254881 0.0227822 0.0345753 -0.0146539 0.0147137 -0.1213573 0.0157517 -0.0223227 0.0028853 0.0033514 0.0341019 -0.0719394 0.0237917 -0.0938181 -0.2830267 -0.2869527 -0.2843266 -0.2833671 -0.2829806 -0.2807859 -0.2835385 -0.2852949 -0.2867189 -0.2889553 -0.2894602 -0.2900394 -0.2887264 -0.2916992 -0.2918918 -0.2900483 -0.2917642 -0.2917367
0.0995720 0.1018910 0.1040094 0.0987060 0.1000326 0.1018184 0.1024383 0.1046669 0.1065963 0.0997060 0.1018351 0.1008422 0.1032940 0.1034523 0.8577081 0.1052574 -0.0015887 0.0163410 0.0171570 0.0044700 -0.0002129 0.0268826 0.0048631 0.0106252 0.0760679 0.0758987 0.0802426 0.0693939 0.0734975 0.0757401 0.0837988 0.0711230 0.0832574 0.0641945 0.0702066 0.0807400 0.0718633 0.0771491 0.0785507 0.0773818 0.0591908 0.0601415 0.0682690 0.0597046 0.0646035 0.0737031 0.0565698 0.0607825 -0.0046466 0.0484410 0.0338403 0.0158459 0.0321137 0.0421760 0.0437633 0.0161790 0.0188804 0.0286554 0.0643833 0.0370033 0.0673041 0.0573832 0.0555272 0.0499726 0.0431947 0.0513432 0.0360901 0.0613563 0.0343033 0.0663371 0.0356053 0.0129546 0.0168380 0.0408259 0.0372090 0.0338852 0.0222310 0.0019023 0.0254116 -0.0521257 -0.0597466 0.0308243 0.0293774 0.0376105 -0.0097727 0.0160704 -0.1216798 0.0186469 -0.0198180 0.0035386 0.0039448 0.0315741 -0.0656516 0.0188076 -0.0899117 -0.2808151 -0.2867907 -0.2854234 -0.2829202 -0.2821200 -0.2800679 -0.2840973 -0.2852044 -0.2855793 -0.2897990 -0.2890989 -0.2894680 -0.2892693 -0.2897469 -0.2912859 -0.2898934 -0.2915706 -0.2910121
0.0995848 0.1034036 0.1034048 0.0998512 0.1026644 0.1037834 0.1066685 0.1049011 0.1086430 0.1036616 0.1013249 0.1073940 0.1046715 0.0983971 0.1052574 0.8575906 -0.0069937 0.0163780 0.0158355 0.0088813 -0.0014629 0.0226501 0.0047454 0.0115642 0.0795049 0.0804325 0.0816409 0.0700571 0.0763693 0.0777133 0.0860356 0.0778051 0.0906306 0.0646806 0.0709985 0.0862348 0.0727383 0.0784800 0.0806037 0.0772969 0.0624607 0.0626394 0.0740996 0.0578838 0.0655574 0.0753505 0.0624174 0.0596705 -0.0022703 0.0483516 0.0342379 0.0157176 0.0330052 0.0432276 0.0427521 0.0163576 0.0175573 0.0281290 0.0644014 0.0374073 0.0705362 0.0585548 0.0581960 0.0530386 0.0456842 0.0562636 0.0374179 0.0610257 0.0342265 0.0673592 0.0390084 0.0111172 0.0179383 0.0451139 0.0372432 0.0399284 0.0246218 0.0018388 0.0260139 -0.0520654 -0.0600743 0.0307701 0.0252014 0.0351512 -0.0086625 0.0167545 -0.1228829 0.0196293 -0.0191616 0.0028232 0.0032604 0.0346822 -0.0488248 0.0174105 -0.0923089 -0.2865143 -0.2910856 -0.2888526 -0.2844517 -0.2863243 -0.2834271 -0.2865303 -0.2890050 -0.2906184 -0.2933174 -0.2937449 -0.2940915 -0.2939010 -0.2952665 -0.2960071 -0.2949209 -0.2961400 -0.2948174
-0.0024590 -0.0060779 -0.0014929 -0.0017689 -0.0054312 -0.0033659 -0.0057241 -0.0041427 -0.0047350 -0.0061831 -0.0038957 -0.0057490 -0.0081735 -0.0022529 -0.0015887 -0.0069937 0.9594410 0.0113381 0.0138417 0.0256731 0.0222093 0.0069351 0.0119606 0.0277194 -0.0108526 -0.0109475 -0.0118117 -0.0052724 -0.0125933 -0.0107903 -0.0141827 -0.0168999 -0.0153672 -0.0027022 -0.0043874 -0.0108636 -0.0066448 -0.0065407 -0.0105306 -0.0103774 -0.0026084 -0.0042029 -0.0140372 -0.0103074 -0.0118048 -0.0051346 -0.0033695 -0.0146806 0.0015338 -0.0119902 -0.0079151 -0.0037311 -0.0186918 -0.0046995 -0.0000612 -0.0112221 -0.0025100 -0.0108910 -0.0162508 -0.0087038 -0.0096774 -0.0159691 -0.0145943 -0.0112012 -0.0103741 -0.0098578 -0.0146950 -0.0142674 -0.0107979 -0.0116638 -0.0115317 -0.0060442 -0.0035641 -0.0071420 -0.0077039 -0.0129301 -0.0078219 -0.0129241 -0.0054995 -0.0025493 -0.0025102 -0.0075271 -0.0014270 -0.0079529 -0.0045439 -0.0111150 -0.0037978 -0.0058800 -0.0041134 -0.0210937 -0.0201123 -0.0191616 -0.0085505 -0.0027026 -0.0031622 0.0070003 0.0057893 0.0068673 0.0073020 0.0066972 0.0063713 0.0078798 0.0076127 0.0061427 0.0060974 0.0061147 0.0045656 0.0055310 0.0045305 0.0040675 0.0065107 -0.0001294 0.0041662
0.0162007 0.0202086 0.0152677 0.0167306 0.0178008 0.0156541 0.0175288 0.0151336 0.0169130 0.0160059 0.0163558 0.0178106 0.0170970 0.0178406 0.0163410 0.0163780 0.0113381 0.9295446 0.0268740 0.0227018 0.0142811 0.0186201 0.0171155 0.0192471 0.0078594 0.0006264 0.0043109 0.0035321 0.0082730 0.0029009 0.0036726 0.0013106 0.0045553 0.0099494 0.0015187 0.0037962 0.0057488 0.0052896 0.0049134 0.0021174 0.0068050 -0.0035450 0.0059923 0.0042583 0.0058734 0.0032689 0.0029266 0.0000292 -0.0089491 -0.0017786 0.0011646 -0.0136225 -0.0074389 0.0045765 -0.0067547 -0.0083263 -0.0043292 -0.0012570 -0.0001319 -0.0012684 0.0012300 -0.0039846 -0.0037809 -0.0000300 -0.0008324 -0.0020184 -0.0046600 -0.0005322 -0.0076311 0.0018055 -0.0046619 -0.0018444 -0.0025879 0.0018048 0.0009305 0.0078915 -0.0043042 -0.0033031 0.0025893 -0.0140827 -0.0169613 0.0013965 0.0024859 -0.0004439 -0.0033411 0.0023900 -0.0244425 -0.0057701 -0.0101604 -0.0107872 -0.0100556 -0.0008655 -0.0145564 -0.0079606 -0.0155097 -0.0484773 -0.0527172 -0.0504598 -0.0479723 -0.0494945 -0.0486467 -0.0509306 -0.0516224 -0.0495539 -0.0508460 -0.0527461 -0.0545853 -0.0553980 -0.0544697 -0.0536414 -0.0535990 -0.0575162 -0.0523896
0.0137649 0.0184354 0.0193013 0.0165073 0.0151675 0.0174208 0.0195469 0.0206290 0.0169185 0.0134296 0.0181566 0.0170013 0.0167891 0.0190064 0.0171570 0.0158355 0.0138417 0.0268740 0.9381505 0.0200175 0.0224817 0.0211737 0.0139145 0.0213844 0.0065989 0.0064892 0.0090469 0.0037400 0.0049061 0.0028068 0.0044869 0.0009689 0.0034641 0.0096691 -0.0028595 0.0091965 0.0037091 0.0038689 0.0046374 0.0078012 0.0041649 -0.0012468 0.0026038 0.0002354 0.0131715 0.0055746 0.0010013 0.0011312 -0.0039888 0.0019704 0.0000054 -0.0132999 -0.0014495 0.0030435 0.0002891 -0.0001623 -0.0080907 -0.0054777 -0.0014930 0.0016120 0.0004134 -0.0025426 -0.0010376 0.0055754 -0.0024119 -0.0017260 -0.0029135 0.0021173 -0.0100630 0.0026340 -0.0095877 -0.0115400 -0.0057194 0.0028273 -0.0008538 0.0002430 -0.0028615 -0.0092001 -0.0033315 -0.0118482 -0.0101739 -0.0053362 0.0054272 -0.0076556 -0.0086993 -0.0025380 -0.0288775 -0.0054539 -0.0220292 -0.0101808 -0.0109098 -0.0024457 -0.0184502 -0.0051167 -0.0243157 -0.0474524 -0.0512424 -0.0503387 -0.0485711 -0.0473290 -0.0475274 -0.0488837 -0.0492691 -0.0513899 -0.0491379 -0.0512384 -0.0538005 -0.0518671 -0.0521396 -0.0542456 -0.0512216 -0.0528674 -0.0543698
0.0062075 0.0088834 0.0034306 0.0043250 0.0052367 0.0052197 0.0089534 0.0067120 0.0098380 0.0094757 0.0061828 0.0077230 0.0069074 0.0053732 0.0044700 0.0088813 0.0256731 0.0227018 0.0200175 0.9607974 0.0143624 0.0258372 0.0307476 0.0187556 -0.0028776 -0.0046183 -0.0040526 -0.0046002 -0.0052275 -0.0067551 -0.0089926 -0.0082142 -0.0057359 0.0028826 -0.0055418 -0.0015160 0.0016174 -0.0049865 -0.0038438 -0.0061365 -0.0076759 -0.0094068 -0.0108195 -0.0068653 -0.0022716 -0.0080191 -0.0110417 -0.0020910 -0.0049062 -0.0028793 -0.0014642 -0.0047856 0.0006139 -0.0036375 -0.0063132 -0.0181100 -0.0072819 -0.0035491 -0.0070732 -0.0009478 -0.0071635 -0.0106979 -0.0100505 -0.0115532 -0.0037563 -0.0095866 -0.0057684 -0.0022674 -0.0155795 -0.0023802 -0.0111836 -0.0129692 -0.0079218 0.0071118 0.0002542 -0.0111727 -0.0100435 -0.0133422 -0.0088475 -0.0104368 -0.0232159 -0.0094770 -0.0172613 -0.0040614 -0.0166544 -0.0072874 -0.0101618 -0.0029325 -0.0067952 -0.0087022 -0.0083043 -0.0057427 -0.0060086 -0.0231752 -0.0089017 -0.0194248 -0.0228565 -0.0199652 -0.0185958 -0.0168745 -0.0195680 -0.0207896 -0.0172282 -0.0181863 -0.0194221 -0.0189551 -0.0210396 -0.0192463 -0.0217204 -0.0199642 -0.0204674 -0.0220014 -0.0240341
0.0019300 -0.0023692 -0.0014557 -0.0028982 -0.0016962 -0.0021255 -0.0013417 -0.0010373 -0.0025275 -0.0022797 -0.0015208 -0.0036839 -0.0030788 -0.0019000 -0.0002129 -0.0014629 0.0222093 0.0142811 0.0224817 0.0143624 0.9696407 0.0189207 0.0163555 0.0242050 -0.0111598 -0.0083113 -0.0043632 -0.0103575 -0.0111556 -0.0154769 -0.0090600 -0.0160928 -0.0157800 -0.0027242 -0.0138698 -0.0108031 -0.0160905 -0.0076625 -0.0111099 -0.0090426 -0.0047977 -0.0108181 -0.0132807 -0.0115169 -0.0084759 -0.0081460 -0.0095791 -0.0178637 -0.0022194 -0.0059311 -0.0115140 -0.0031109 -0.0079816 -0.0127900 -0.0151043 -0.0131740 -0.0104481 -0.0159391 -0.0176457 -0.0101387 -0.0136053 -0.0106597 -0.0117132 -0.0073389 -0.0112172 -0.0145784 -0.0122631 -0.0193830 -0.0150173 -0.0076109 -0.0100601 -0.0082082 -0.0076594 -0.0060572 -0.0058965 -0.0182498 -0.0097396 -0.0012885 -0.0130865 -0.0065587 -0.0074362 -0.0103370 -0.0098458 -0.0049887 -0.0109248 -0.0150745 0.0004462 -0.0065606 -0.0036769 -0.0147040 -0.0150174 -0.0052792 -0.0034967 -0.0029109 -0.0068485 0.0052444 0.0055490 0.0074478 0.0072866 0.0076510 0.0065613 0.0061548 0.0067384 0.0056174 0.0057070 0.0042029 0.0038052 0.0053077 0.0025779 0.0041620 0.0042978 0.0002844 0.0038643
0.0247178 0.0238235 0.0229628 0.0217078 0.0229623 0.0220369 0.0228997 0.0248566 0.0216634 0.0203573 0.0198460 0.0224800 0.0225451 0.0232129 0.0268826 0.0226501 0.0069351 0.0186201 0.0211737 0.0258372 0.0189207 0.9415614 0.0213478 0.0275295 0.0047194 0.0104389 0.0092493 0.0116974 0.0047040 0.0034388 0.0067972 0.0042651 0.0059971 0.0125627 0.0049013 0.0095294 0.0062647 0.0103043 0.0036316 0.0100280 0.0037908 -0.0009813 0.0046473 0.0039534 0.0085234 0.0037996 0.0015432 0.0043961 -0.0026825 -0.0001445 0.0052554 -0.0016980 0.0086995 0.0004503 -0.0025628 -0.0084868 -0.0089246 0.0025660 0.0066948 0.0056169 -0.0010113 0.0023247 0.0028888 0.0007577 -0.0051424 -0.0022161 -0.0050368 0.0044219 -0.0065863 0.0056542 -0.0096508 -0.0069072 -0.0047448 0.0064406 0.0023231 -0.0001984 -0.0005950 0.0010177 0.0109978 -0.0164055 -0.0237623 -0.0054304 -0.0077692 0.0051425 -0.0136328 -0.0007733 -0.0294076 -0.0028821 -0.0147848 -0.0050457 -0.0041165 -0.0011256 -0.0176138 -0.0079065 -0.0235806 -0.0630884 -0.0646474 -0.0642460 -0.0613583 -0.0617641 -0.0628086 -0.0606802 -0.0625012 -0.0641876 -0.0636571 -0.0633833 -0.0636609 -0.0627689 -0.0650660 -0.0632339 -0.0670236 -0.0666545 -0.0663692
0.0033429 0.0051603 0.0037723 0.0047167 0.0050496 0.0037968 0.0049154 0.0049151 0.0065027 0.0049959 0.0049724 0.0058361 0.0048390 0.0040444 0.0048631 0.0047454 0.0119606 0.0171155 0.0139145 0.0307476 0.0163555 0.0213478 0.9460896 0.0218846 -0.0041293 -0.0079365 -0.0070047 -0.0067848 -0.0067286 -0.0071641 -0.0029793 -0.0076714 -0.0063182 0.0014771 -0.0072913 -0.0073115 -0.0071619 -0.0054452 -0.0086390 -0.0060732 -0.0012787 -0.0070824 -0.0072508 -0.0049162 -0.0075524 -0.0036330 -0.0089296 -0.0063867 -0.0097174 -0.0040195 -0.0006759 -0.0041791 -0.0063860 -0.0056649 -0.0097680 -0.0098189 -0.0142190 0.0005692 -0.0052031 -0.0031205 -0.0109246 -0.0093984 -0.0077464 -0.0125569 -0.0105470 -0.0057211 -0.0113040 -0.0072007 -0.0129312 -0.0045673 -0.0161637 -0.0089752 -0.0114436 0.0021853 -0.0063308 -0.0124768 -0.0075790 -0.0116849 -0.0040737 -0.0049513 -0.0160192 -0.0060205 -0.0091766 -0.0004702 -0.0075434 -0.0063183 -0.0147101 0.0029531 -0.0044446 -0.0134570 -0.0127163 -0.0089808 -0.0100785 -0.0111513 -0.0069446 -0.0116968 -0.0121235 -0.0134925 -0.0081790 -0.0117781 -0.0088999 -0.0102704 -0.0104473 -0.0115420 -0.0110434 -0.0131765 -0.0140269 -0.0116440 -0.0125763 -0.0124401 -0.0139316 -0.0159784 -0.0110829
0.0147733 0.0099100 0.0101693 0.0130071 0.0112718 0.0105422 0.0072976 0.0074221 0.0108636 0.0123759 0.0094179 0.0091111 0.0095935 0.0117485 0.0106252 0.0115642 0.0277194 0.0192471 0.0213844 0.0187556 0.0242050 0.0275295 0.0218846 0.9425921 0.0038256 0.0077942 0.0004004 0.0052610 0.0007486 -0.0008525 -0.0001908 0.0015144 -0.0015669 0.0072244 -0.0047347 0.0035637 0.0029294 0.0058636 0.0035339 0.0002282 0.0048613 -0.0027383 -0.0025199 -0.0001221 0.0042643 0.0037005 0.0027049 -0.0056363 -0.0079001 -0.0017066 0.0027540 0.0003599 -0.0047166 -0.0018387 0.0025738 -0.0090472 -0.0053700 -0.0045382 -0.0028416 -0.0073574 0.0006470 -0.0024809 -0.0017830 -0.0064675 -0.0063564 -0.0071248 -0.0067512 -0.0054884 -0.0040157 0.0054657 -0.0050214 -0.0012786 -0.0019994 -0.0014391 -0.0013751 -0.0019228 0.0000998 -0.0016418 -0.0080536 -0.0131871 -0.0223076 -0.0074238 -0.0027022 -0.0025991 -0.0039530 -0.0078524 -0.0181210 -0.0084075 -0.0157006 -0.0042616 -0.0046388 -0.0069143 -0.0143533 -0.0070979 -0.0153199 -0.0396974 -0.0398704 -0.0411052 -0.0372595 -0.0367475 -0.0373375 -0.0366648 -0.0371613 -0.0380156 -0.0398703 -0.0398932 -0.0386798 -0.0427751 -0.0413988 -0.0404958 -0.0411036 -0.0429081 -0.0412737
0.0763279 0.0776781 0.0768314 0.0772834 0.0794765 0.0803384 0.0795793 0.0802664 0.0803645 0.0765184 0.0749840 0.0755886 0.0765174 0.0779402 0.0760679 0.0795049 -0.0108526 0.0078594 0.0065989 -0.0028776 -0.0111598 0.0047194 -0.0041293 0.0038256 0.8477594 0.0749550 0.0783422 0.0874644 0.0993749 0.1102081 0.1121034 0.0918681 0.0824338 0.0588417 0.0655147 0.0818352 0.0705759 0.0698880 0.0717725 0.0772824 0.0535425 0.0553743 0.0688098 0.0555105 0.0630793 0.0679408 0.0552465 0.0551904 -0.0041657 0.0401998 0.0264381 0.0175730 0.0280021 0.0379052 0.0345824 0.0222657 0.0204175 0.0227263 0.0612190 0.0339631 0.0603576 0.0504901 0.0506207 0.0545993 0.0438059 0.0533915 0.0367607 0.0566662 0.0427068 0.0652660 0.0388429 0.0137486 0.0140079 0.0377530 0.0359149 0.0397484 0.0234986 0.0070797 0.0206476 -0.0420547 -0.0560467 0.0293757 0.0308672 0.0394011 -0.0107083 0.0167552 -0.1115870 0.0232519 -0.0132978 0.0062294 0.0049544 0.0348577 -0.0658318 0.0223377 -0.0860548 -0.2617736 -0.2671990 -0.2624078 -0.2621311 -0.2611177 -0.2609333 -0.2602691 -0.2649414 -0.2646238 -0.2692567 -0.2682534 -0.2681526 -0.2707420 -0.2708608 -0.2711345 -0.2677870 -0.2716305 -0.2697344
0.0748615 0.0764666 0.0765045 0.0738540 0.0760918 0.0784356 0.0783833 0.0800479 0.0755421 0.0742753 0.0731007 0.0724961 0.0746420 0.0699876 0.0758987 0.0804325 -0.0109475 0.0006264 0.0064892 -0.0046183 -0.0083113 0.0104389 -0.0079365 0.0077942 0.0749550 0.8544971 0.1079501 0.0646321 0.0793924 0.0722809 0.0824931 0.0738422 0.0826075 0.0582171 0.0619778 0.0818740 0.0672379 0.0685465 0.0721619 0.0764084 0.0527292 0.0583956 0.0637076 0.0510301 0.0562722 0.0687391 0.0569069 0.0543642 -0.0001943 0.0476187 0.0310477 0.0163009 0.0381478 0.0436491 0.0467343 0.0165195 0.0214130 0.0260469 0.0620195 0.0367053 0.0722379 0.0573360 0.0568249 0.0528317 0.0436278 0.0504801 0.0321325 0.0547944 0.0358250 0.0631421 0.0352613 0.0131197 0.0203233 0.0413414 0.0413302 0.0332926 0.0263590 0.0037299 0.0269631 -0.0379187 -0.0504445 0.0344562 0.0264572 0.0409290 -0.0032501 0.0251350 -0.1178047 0.0225510 -0.0144972 0.0068448 0.0070810 0.0366146 -0.0594189 0.0191719 -0.0798239 -0.2546422 -0.2613622 -0.2588322 -0.2550774 -0.2569721 -0.2549079 -0.2586978 -0.2595936 -0.2596529 -0.2635663 -0.2626170 -0.2635907 -0.2635141 -0.2624059 -0.2668439 -0.2639366 -0.2643518 -0.2644033
0.0750638 0.0783816 0.0805223 0.0773012 0.0799709 0.0798831 0.0806999 0.0803108 0.0788795 0.0753459 0.0756429 0.0770860 0.0803036 0.0747813 0.0802426 0.0816409 -0.0118117 0.0043109 0.0090469 -0.0040526 -0.0043632 0.0092493 -0.0070047 0.0004004 0.0783422 0.1079501 0.8509198 0.0713124 0.0761139 0.0821701 0.0817667 0.0801381 0.0794464 0.0586789 0.0634593 0.0768011 0.0724563 0.0679239 0.0726431 0.0765263 0.0546084 0.0581199 0.0676644 0.0563500 0.0589481 0.0657881 0.0589090 0.0559460 -0.0030702 0.0447681 0.0248586 0.0197033 0.0324355 0.0362375 0.0400686 0.0153275 0.0200347 0.0291249 0.0614366 0.0418746 0.0681786 0.0567486 0.0561326 0.0592402 0.0494189 0.0478855 0.0362947 0.0558697 0.0387745 0.0669409 0.0432559 0.0137732 0.0131929 0.0409570 0.0417786 0.0380194 0.0232507 0.0037629 0.0255352 -0.0482697 -0.0543469 0.0350889 0.0286465 0.0372067 -0.0007691 0.0211780 -0.1109245 0.0203576 -0.0135144 0.0049216 0.0042805 0.0346003 -0.0606073 0.0250830 -0.0786502 -0.2610345 -0.2664956 -0.2629943 -0.2592110 -0.2616073 -0.2588132 -0.2615236 -0.2622506 -0.2642678 -0.2668919 -0.2663975 -0.2685875 -0.2680449 -0.2683336 -0.2696565 -0.2671059 -0.2697675 -0.2680898
0.0637758 0.0668911 0.0713436 0.0695160 0.0687293 0.0690738 0.0711953 0.0707064 0.0711377 0.0696806 0.0697475 0.0694012 0.0695104 0.0695842 0.0693939 0.0700571 -0.0052724 0.0035321 0.0037400 -0.0046002 -0.0103575 0.0116974 -0.0067848 0.0052610 0.0874644 0.0646321 0.0713124 0.8600088 0.0993196 0.0823217 0.0822120 0.0905661 0.0649506 0.0533484 0.0550339 0.0731688 0.0673752 0.0634439 0.0661038 0.0592671 0.0566308 0.0554800 0.0634744 0.0498654 0.0533541 0.0678160 0.0634400 0.0545850 -0.0060794 0.0373609 0.0318322 0.0180315 0.0342554 0.0433503 0.0367783 0.0113545 0.0207105 0.0208871 0.0575054 0.0289053 0.0612173 0.0523634 0.0529394 0.0501721 0.0399255 0.0452712 0.0260025 0.0550794 0.0363166 0.0614389 0.0317959 0.0157681 0.0230847 0.0321284 0.0336196 0.0317945 0.0202105 0.0015930 0.0180702 -0.0419069 -0.0490805 0.0276109 0.0257176 0.0332444 -0.0078006 0.0172964 -0.1029307 0.0188049 -0.0212927 0.0033961 0.0035269 0.0247707 -0.0639950 0.0174105 -0.0778225 -0.2385787 -0.2434157 -0.2423703 -0.2371203 -0.2370285 -0.2363154 -0.2388164 -0.2410274 -0.2431196 -0.2475491 -0.2443071 -0.2454957 -0.2464833 -0.2446452 -0.2479468 -0.2448741 -0.2482051 -0.2477736
0.0697115 0.0727763 0.0725512 0.0718363 0.0726693 0.0747482 0.0741538 0.0743189 0.0738970 0.0715377 0.0730992 0.0719585 0.0734423 0.0734571 0.0734975 0.0763693 -0.0125933 0.0082730 0.0049061 -0.0052275 -0.0111556 0.0047040 -0.0067286 0.0007486 0.0993749 0.0793924 0.0761139 0.0993196 0.8545842 0.0920889 0.0887970 0.0987235 0.0713611 0.0562117 0.0579269 0.0736778 0.0649309 0.0679483 0.0709583 0.0673497 0.0537677 0.0481943 0.0628204 0.0516820 0.0535173 0.0631155 0.0528651 0.0537900 0.0068445 0.0395650 0.0305772 0.0087677 0.0348319 0.0426005 0.0385164 0.0159251 0.0196999 0.0277450 0.0594915 0.0322778 0.0676386 0.0559326 0.0555704 0.0554355 0.0416200 0.0505107 0.0327060 0.0532237 0.0353786 0.0630771 0.0351943 0.0156176 0.0168231 0.0386292 0.0361922 0.0327558 0.0222709 0.0029911 0.0249458 -0.0403041 -0.0487668 0.0320317 0.0230494 0.0369516 -0.0082718 0.0133004 -0.1091343 0.0155175 -0.0155013 0.0075450 0.0077759 0.0293804 -0.0634356 0.0183027 -0.0793678 -0.2466916 -0.2537534 -0.2507980 -0.2484408 -0.2488313 -0.2474037 -0.2495272 -0.2525477 -0.2526476 -0.2553813 -0.2565953 -0.2551611 -0.2567969 -0.2565086 -0.2577599 -0.2565866 -0.2578910 -0.2574486
0.0718783 0.0750672 0.0777995 0.0740236 0.0760908 0.0783556 0.0797565 0.0772633 0.0778383 0.0734926 0.0737216 0.0730972 0.0754027 0.0724031 0.0757401 0.0777133 -0.0107903 0.0029009 0.0028068 -0.0067551 -0.0154769 0.0034388 -0.0071641 -0.0008525 0.1102081 0.0722809 0.0821701 0.0823217 0.0920889 0.8532414 0.1098864 0.0886742 0.0719033 0.0584246 0.0638811 0.0775051 0.0715675 0.0781003 0.0705508 0.0749511 0.0532073 0.0572195 0.0718991 0.0559958 0.0621667 0.0669800 0.0591651 0.0650475 -0.0004045 0.0398428 0.0264086 0.0183727 0.0340386 0.0401600 0.0466280 0.0168410 0.0174712 0.0251034 0.0597553 0.0324069 0.0700378 0.0589120 0.0597904 0.0591508 0.0425305 0.0524723 0.0353889 0.0657294 0.0431108 0.0699281 0.0398800 0.0133410 0.0208065 0.0352648 0.0328466 0.0449674 0.0206295 0.0056898 0.0246384 -0.0443844 -0.0513707 0.0358237 0.0296123 0.0369269 -0.0054265 0.0217362 -0.1143816 0.0215361 -0.0173216 0.0079257 0.0077289 0.0330569 -0.0629701 0.0213569 -0.0844674 -0.2590181 -0.2663109 -0.2621141 -0.2601161 -0.2604885 -0.2586372 -0.2603215 -0.2626901 -0.2629805 -0.2671886 -0.2669024 -0.2670269 -0.2664982 -0.2686938 -0.2678359 -0.2677057 -0.2697751 -0.2687023
0.0805317 0.0825382 0.0862645 0.0809876 0.0857542 0.0818854 0.0852410 0.0852496 0.0833877 0.0799116 0.0814592 0.0809059 0.0822867 0.0787154 0.0837988 0.0860356 -0.0141827 0.0036726 0.0044869 -0.0089926 -0.0090600 0.0067972 -0.0029793 -0.0001908 0.1121034 0.0824931 0.0817667 0.0822120 0.0887970 0.1098864 0.8521498 0.0910161 0.0831848 0.0631074 0.0675020 0.0870668 0.0776054 0.0802591 0.0810424 0.0814667 0.0616350 0.0600257 0.0754189 0.0587197 0.0651798 0.0783138 0.0617016 0.0659934 -0.0075012 0.0507818 0.0319689 0.0260677 0.0389820 0.0435519 0.0488977 0.0218366 0.0176702 0.0257125 0.0735793 0.0362464 0.0694706 0.0584272 0.0586529 0.0548702 0.0477086 0.0545651 0.0386777 0.0667802 0.0432669 0.0775016 0.0404445 0.0121039 0.0201067 0.0442899 0.0424781 0.0391718 0.0248615 0.0044111 0.0254760 -0.0454186 -0.0574524 0.0343266 0.0300698 0.0424696 -0.0089895 0.0209859 -0.1180477 0.0244599 -0.0159046 0.0106214 0.0104091 0.0371282 -0.0713489 0.0322075 -0.0908301 -0.2784913 -0.2845653 -0.2791323 -0.2784297 -0.2783517 -0.2762072 -0.2794083 -0.2809687 -0.2828073 -0.2851165 -0.2854596 -0.2852274 -0.2855032 -0.2866365 -0.2861177 -0.2868203 -0.2875060 -0.2859695
0.0691007 0.0740079 0.0731164 0.0715318 0.0735211 0.0721846 0.0753230 0.0753477 0.0756668 0.0716251 0.0701963 0.0717903 0.0733501 0.0713429 0.0711230 0.0778051 -0.0168999 0.0013106 0.0009689 -0.0082142 -0.0160928 0.0042651 -0.0076714 0.0015144 0.0918681 0.0738422 0.0801381 0.0905661 0.0987235 0.0886742 0.0910161 0.8518623 0.0769446 0.0557136 0.0561093 0.0795023 0.0685946 0.0668329 0.0724934 0.0662640 0.0503823 0.0540117 0.0631076 0.0510879 0.0555625 0.0670793 0.0571469 0.0544011 -0.0042127 0.0429217 0.0255011 0.0208778 0.0289798 0.0443034 0.0421967 0.0203690 0.0188052 0.0281111 0.0560753 0.0371618 0.0646475 0.0591514 0.0593363 0.0508032 0.0403702 0.0479222 0.0382258 0.0547734 0.0386597 0.0656427 0.0440874 0.0154433 0.0190763 0.0331044 0.0325570 0.0407598 0.0249608 0.0047985 0.0206304 -0.0397138 -0.0493162 0.0313013 0.0233906 0.0351709 -0.0058228 0.0175458 -0.1055794 0.0159055 -0.0124736 -0.0017881 -0.0012353 0.0291206 -0.0577584 0.0288670 -0.0787780 -0.2491798 -0.2538895 -0.2499641 -0.2485507 -0.2476121 -0.2474448 -0.2493065 -0.2513591 -0.2520374 -0.2545885 -0.2548748 -0.2564889 -0.2569404 -0.2576681 -0.2579006 -0.2569779 -0.2582547 -0.2563393
0.0805932 0.0801343 0.0840637 0.0814437 0.0834918 0.0852553 0.0858312 0.0871561 0.0845004 0.0826830 0.0811113 0.0819861 0.0849347 0.0788134 0.0832574 0.0906306 -0.0153672 0.0045553 0.0034641 -0.0057359 -0.0157800 0.0059971 -0.0063182 -0.0015669 0.0824338 0.0826075 0.0794464 0.0649506 0.0713611 0.0719033 0.0831848 0.0769446 0.8511251 0.0635082 0.0746388 0.0944761 0.0752920 0.0848850 0.0894460 0.0878784 0.0599613 0.0660281 0.0775156 0.0619246 0.0666801 0.0695194 0.0598924 0.0700186 0.0001238 0.0572747 0.0355443 0.0200322 0.0404020 0.0454019 0.0473979 0.0225337 0.0236376 0.0291721 0.0742906 0.0381730 0.0735315 0.0634507 0.0623674 0.0624046 0.0520809 0.0585854 0.0435254 0.0687130 0.0442598 0.0723006 0.0437802 0.0177727 0.0185887 0.0494412 0.0433459 0.0413541 0.0300595 0.0086338 0.0276926 -0.0421763 -0.0523107 0.0357469 0.0306008 0.0423134 -0.0038789 0.0293725 -0.1218533 0.0296970 -0.0112958 0.0096371 0.0092085 0.0376745 -0.0690889 0.0211975 -0.0789125 -0.2825068 -0.2848576 -0.2835412 -0.2821172 -0.2815427 -0.2795960 -0.2815363 -0.2848591 -0.2854740 -0.2898744 -0.2889006 -0.2897146 -0.2896241 -0.2905657 -0.2908049 -0.2885618 -0.2897981 -0.2901355
0.0625278 0.0648114 0.0658135 0.0630024 0.0653317 0.0650018 0.0673502 0.0669796 0.0656490 0.0636202 0.0628061 0.0642211 0.0651995 0.0637256 0.0641945 0.0646806 -0.0027022 0.0099494 0.0096691 0.0028826 -0.0027242 0.0125627 0.0014771 0.0072244 0.0588417 0.0582171 0.0586789 0.0533484 0.0562117 0.0584246 0.0631074 0.0557136 0.0635082 0.9223493 0.0515626 0.0630633 0.0559277 0.0563150 0.0594788 0.0584962 0.0457584 0.0463500 0.0543574 0.0438990 0.0485136 0.0535607 0.0470096 0.0495805 0.0022591 0.0389806 0.0278265 0.0158708 0.0301712 0.0327044 0.0357243 0.0163912 0.0181948 0.0219686 0.0518462 0.0304005 0.0548289 0.0475428 0.0474618 0.0437041 0.0374065 0.0424755 0.0310381 0.0503221 0.0324535 0.0522306 0.0326666 0.0137659 0.0166660 0.0355508 0.0336710 0.0308656 0.0229095 0.0078730 0.0233147 -0.0315520 -0.0370633 0.0273152 0.0239607 0.0327638 -0.0006573 0.0190432 -0.0836248 0.0206396 -0.0082572 0.0120316 0.0116303 0.0294553 -0.0459944 0.0201529 -0.0598640 -0.2003900 -0.2042502 -0.2018994 -0.2005095 -0.2002560 -0.1981838 -0.2003438 -0.2022826 -0.2035756 -0.2068293 -0.2058564 -0.2071996 -0.2066959 -0.2077752 -0.2084294 -0.2072447 -0.2091006 -0.2076492
